2 0.185387 0.295131 0.045972 0.048416
2 0.633391 0.766978 0.041081 0.034233
2 0.850291 0.633337 0.029841 0.034001
2 0.747586 0.675035 0.027877 0.030321
2 0.769840 0.649481 0.031789 0.028611
2 0.801994 0.543353 0.046706 0.044259
2 0.379750 0.607591 0.049104 0.053687
2 0.250608 0.574038 0.046157 0.045503
2 0.431609 0.537183 0.046485 0.052050
2 0.637872 0.584185 0.055976 0.055321
2 0.580911 0.489251 0.058595 0.057285
2 0.757521 0.442930 0.045175 0.045833
2 0.813828 0.340615 0.055651 0.055357
2 0.796640 0.288090 0.055324 0.053032
2 0.698596 0.175461 0.052378 0.048482
2 0.595642 0.122265 0.052050 0.044226
2 0.436875 0.338013 0.060562 0.061872
2 0.370584 0.289236 0.047794 0.048122
2 0.403332 0.207230 0.051095 0.049759
2 0.160443 0.343426 0.048909 0.055509
