0 0.657282 0.580288 0.164987 0.181356
0 0.475117 0.700709 0.171200 0.174229
0 0.650734 0.779157 0.168261 0.162044
0 0.718497 0.815331 0.089044 0.087077
0 0.757290 0.551969 0.106392 0.112285
0 0.679307 0.368130 0.112973 0.093681
0 0.610045 0.196063 0.099931 0.098290
0 0.679752 0.262923 0.179550 0.170880
0 0.432746 0.396214 0.078892 0.087077
0 0.498874 0.359387 0.188886 0.186267
0 0.488042 0.132685 0.178525 0.150694
0 0.240663 0.278767 0.100751 0.085602
0 0.259600 0.365503 0.184081 0.176501
0 0.301265 0.641432 0.174229 0.173095
