0 0.567103 0.212082 0.086587 0.093409
0 0.591324 0.285564 0.074335 0.075069
0 0.641075 0.274681 0.059444 0.056729
0 0.692804 0.362713 0.070423 0.068958
0 0.728505 0.316374 0.081184 0.081915
0 0.757960 0.290575 0.074120 0.080694
0 0.612482 0.766391 0.088092 0.086749
0 0.602350 0.611877 0.095261 0.082166
0 0.740169 0.609912 0.106389 0.101809
0 0.820845 0.540840 0.064196 0.065800
0 0.790417 0.535112 0.081184 0.091005
0 0.805296 0.436577 0.085473 0.078565
0 0.506949 0.217216 0.068006 0.073360
0 0.352512 0.798257 0.081101 0.082930
0 0.352687 0.717887 0.073449 0.083657
0 0.231944 0.656987 0.108684 0.106065
0 0.178585 0.547158 0.091005 0.093297
0 0.214595 0.451242 0.099514 0.101154
0 0.364716 0.564578 0.078089 0.094216
0 0.430357 0.481949 0.087143 0.118575
0 0.491751 0.473461 0.079785 0.096505
0 0.635762 0.497935 0.130149 0.122821
0 0.378963 0.436996 0.064567 0.065202
0 0.408555 0.373216 0.057798 0.057622
0 0.517817 0.392864 0.082163 0.088274
0 0.598257 0.430888 0.068981 0.055751
0 0.597606 0.372751 0.093704 0.082196
0 0.633489 0.352110 0.062487 0.065026
0 0.214286 0.301083 0.117083 0.120890
0 0.273566 0.211791 0.102503 0.106729
0 0.396066 0.302192 0.055017 0.055509
0 0.496936 0.289841 0.084117 0.081184
0 0.470648 0.192153 0.098545 0.102460
0 0.261913 0.760721 0.097173 0.080919
