2 0.300036 0.828514 0.040853 0.037087
2 0.413032 0.744635 0.047229 0.044329
2 0.461997 0.867336 0.050126 0.050413
2 0.558337 0.793889 0.043459 0.044332
2 0.797366 0.705375 0.058528 0.056789
2 0.593828 0.584843 0.063350 0.059196
2 0.661329 0.558102 0.059193 0.061792
2 0.283057 0.251417 0.038535 0.035347
2 0.348247 0.163049 0.042011 0.044041
2 0.411844 0.155949 0.053310 0.064610
2 0.448641 0.162034 0.042302 0.050126
2 0.671301 0.156963 0.055341 0.059395
2 0.803710 0.227080 0.051283 0.050126
2 0.839494 0.285028 0.054471 0.053601
2 0.871567 0.446640 0.059107 0.055919
2 0.845926 0.549534 0.061792 0.061270
