2 0.680236 0.190078 0.036353 0.035314
2 0.765091 0.235527 0.055162 0.058542
2 0.758223 0.328624 0.054527 0.052414
2 0.485284 0.540936 0.035933 0.036779
2 0.329696 0.474352 0.043571 0.042467
2 0.334598 0.532718 0.052576 0.053796
2 0.332184 0.336258 0.058085 0.056260
2 0.411916 0.372146 0.060823 0.057890
2 0.461161 0.484086 0.052606 0.047126
2 0.503447 0.436868 0.035982 0.035251
2 0.516690 0.398418 0.052242 0.055162
2 0.561624 0.405450 0.038724 0.037811
2 0.632953 0.370288 0.053155 0.050780
2 0.653626 0.593279 0.041591 0.041875
2 0.791696 0.679289 0.069319 0.069603
2 0.621799 0.688059 0.062811 0.070165
2 0.506103 0.703839 0.043290 0.049511
2 0.385924 0.101806 0.040837 0.038393
2 0.242206 0.196004 0.057183 0.056333
2 0.110728 0.440278 0.032407 0.046157
2 0.446807 0.787650 0.041591 0.043006
2 0.253947 0.613287 0.046485 0.039286
2 0.405837 0.594792 0.049769 0.051396
2 0.449919 0.708431 0.041591 0.043006
2 0.400547 0.773646 0.037913 0.045552
2 0.249674 0.577440 0.058958 0.042884
2 0.571475 0.272254 0.038340 0.044891
2 0.609883 0.265362 0.044481 0.049937
2 0.446280 0.211539 0.060866 0.062979
2 0.581857 0.113054 0.062768 0.055374
2 0.686364 0.158282 0.063826 0.061286
