2 0.660895 0.509347 0.053740 0.049554
2 0.306076 0.174203 0.064983 0.063962
2 0.213889 0.539332 0.052976 0.052520
2 0.175069 0.587740 0.055714 0.056174
2 0.123234 0.593905 0.036078 0.042017
2 0.253165 0.760828 0.052063 0.054349
2 0.191968 0.739137 0.033796 0.033796
2 0.164337 0.684332 0.031511 0.032884
2 0.436620 0.824630 0.047533 0.047249
2 0.420493 0.704808 0.049795 0.053757
2 0.497733 0.720937 0.051491 0.049229
2 0.606237 0.858441 0.037063 0.032821
2 0.602983 0.805532 0.040741 0.040179
2 0.671452 0.816000 0.047533 0.045268
2 0.417621 0.334628 0.049454 0.045017
2 0.847723 0.516235 0.046068 0.048674
