2 0.599565 0.410622 0.032173 0.031799
2 0.455078 0.114135 0.033356 0.027153
2 0.519076 0.197723 0.035685 0.036849
2 0.342593 0.189383 0.039563 0.038013
2 0.316219 0.246981 0.025599 0.030642
2 0.336969 0.239807 0.033747 0.028700
2 0.344532 0.266958 0.035685 0.032579
2 0.310012 0.330375 0.032583 0.034521
2 0.332895 0.323199 0.033356 0.036458
2 0.151371 0.303611 0.027927 0.028313
2 0.194038 0.473767 0.028704 0.031171
2 0.218279 0.460895 0.034521 0.034911
2 0.531682 0.234377 0.026763 0.024825
2 0.527609 0.271612 0.027149 0.026372
2 0.511706 0.292945 0.026376 0.025599
2 0.537889 0.296437 0.029864 0.032583
2 0.565040 0.294109 0.026766 0.032583
2 0.600337 0.269284 0.032970 0.032583
2 0.623414 0.334835 0.025599 0.028704
2 0.702930 0.262497 0.034907 0.036071
2 0.815412 0.313502 0.035685 0.034907
2 0.665693 0.337938 0.032583 0.030255
2 0.678223 0.383016 0.034196 0.033763
2 0.702353 0.403684 0.033978 0.034411
2 0.780375 0.423054 0.034626 0.034196
2 0.846567 0.448022 0.040225 0.038161
2 0.720622 0.484153 0.039173 0.037659
2 0.732179 0.532502 0.028545 0.026544
2 0.795534 0.592975 0.041068 0.044825
2 0.777880 0.692913 0.029550 0.034557
2 0.802670 0.704934 0.025043 0.034557
2 0.750585 0.734610 0.033056 0.036310
2 0.605245 0.819606 0.036799 0.039537
2 0.509563 0.861617 0.043571 0.043320
2 0.532100 0.803897 0.050582 0.046577
2 0.150504 0.527679 0.040215 0.040966
2 0.167526 0.600817 0.043955 0.042460
2 0.239449 0.689949 0.040030 0.039282
2 0.279945 0.688826 0.032358 0.039279
2 0.193621 0.738957 0.031052 0.032173
2 0.256938 0.730073 0.042460 0.039094
2 0.196996 0.426495 0.026187 0.025106
2 0.222525 0.409496 0.022748 0.024481
2 0.313275 0.496491 0.039692 0.038274
2 0.334717 0.584411 0.044329 0.042011
2 0.358763 0.677851 0.040853 0.038247
2 0.328776 0.813156 0.038823 0.040565
2 0.430040 0.830265 0.035060 0.035377
2 0.534578 0.725344 0.034805 0.038062
2 0.573267 0.684263 0.035060 0.032077
2 0.597181 0.654602 0.033806 0.034309
2 0.511290 0.664117 0.025794 0.030298
2 0.444555 0.621546 0.041571 0.035308
2 0.697424 0.626710 0.033142 0.032493
2 0.662115 0.549830 0.033806 0.035056
2 0.620170 0.573242 0.027047 0.030804
2 0.590496 0.613309 0.025291 0.023786
2 0.556939 0.583133 0.029798 0.028548
2 0.561592 0.481235 0.025440 0.028244
2 0.586470 0.480111 0.028059 0.030863
2 0.524274 0.556804 0.032735 0.029739
2 0.447583 0.555775 0.028247 0.028806
2 0.412604 0.518927 0.035354 0.037411
2 0.362006 0.521450 0.028806 0.028991
2 0.393793 0.366204 0.033525 0.035198
2 0.419421 0.381792 0.029868 0.028829
2 0.461176 0.336534 0.027490 0.028161
2 0.506280 0.497077 0.027123 0.029180
2 0.549304 0.509236 0.025625 0.024319
2 0.619063 0.487269 0.021663 0.022077
2 0.364294 0.750899 0.024673 0.027487
2 0.429764 0.773515 0.027054 0.029001
2 0.284795 0.459375 0.026078 0.028426
2 0.523611 0.580355 0.023790 0.022536
