2 0.530557 0.720926 0.063998 0.085331
2 0.520860 0.121078 0.059345 0.066329
2 0.609102 0.109441 0.063614 0.060119
2 0.738937 0.198915 0.059686 0.065522
2 0.838343 0.274985 0.069114 0.057894
2 0.858429 0.368697 0.069041 0.066713
2 0.853690 0.508644 0.070403 0.075913
2 0.716212 0.530954 0.068376 0.077649
2 0.712703 0.272388 0.077186 0.064775
2 0.667011 0.389788 0.087586 0.066038
2 0.522955 0.294304 0.076022 0.068654
2 0.395926 0.281890 0.068651 0.071756
2 0.201407 0.346276 0.066716 0.077963
2 0.435283 0.407903 0.041141 0.040562
2 0.470906 0.432662 0.079418 0.060582
2 0.505833 0.503517 0.061713 0.061425
2 0.769354 0.621650 0.068052 0.063022
2 0.705995 0.659530 0.064028 0.069729
2 0.664567 0.806645 0.071369 0.067490
2 0.567017 0.812854 0.064775 0.076799
2 0.580594 0.692999 0.058568 0.065939
2 0.358922 0.631134 0.068267 0.061673
2 0.374243 0.569074 0.072533 0.067103
2 0.217932 0.535522 0.060896 0.064385
