7 0.494499 0.628317 0.012616 0.012685
7 0.792356 0.685587 0.015228 0.014170
7 0.787941 0.678952 0.013277 0.012507
7 0.825425 0.614795 0.017259 0.016706
7 0.845162 0.639716 0.016706 0.016065
7 0.862378 0.641369 0.014054 0.013492
7 0.871741 0.633980 0.013872 0.012483
7 0.876647 0.627692 0.011382 0.012394
7 0.570729 0.454426 0.011796 0.011498
7 0.571291 0.444797 0.010433 0.009897
7 0.708750 0.376288 0.013578 0.012821
7 0.683434 0.355456 0.015704 0.015291
7 0.651774 0.318393 0.015976 0.015225
7 0.345962 0.855508 0.013492 0.013985
7 0.327535 0.838479 0.011518 0.011845
7 0.319309 0.830088 0.008882 0.008224
7 0.312399 0.834859 0.010856 0.011187
7 0.281963 0.830417 0.011187 0.012176
7 0.320360 0.812394 0.012229 0.012513
7 0.249041 0.796591 0.014021 0.014550
7 0.212621 0.712211 0.016617 0.016121
7 0.144694 0.626404 0.015486 0.016591
7 0.138242 0.624439 0.014871 0.016591
7 0.722115 0.560514 0.012669 0.011935
7 0.433138 0.132445 0.014669 0.015069
7 0.408886 0.120918 0.015470 0.012973
7 0.361101 0.139790 0.015370 0.014970
7 0.368586 0.167335 0.016366 0.015569
7 0.359155 0.178313 0.015268 0.014570
7 0.472548 0.162809 0.013542 0.011042
7 0.473542 0.170180 0.014319 0.011829
7 0.482728 0.159489 0.014577 0.013542
7 0.497219 0.148879 0.016131 0.016819
7 0.590428 0.159406 0.018376 0.018376
7 0.640021 0.154155 0.017159 0.016696
7 0.671095 0.171701 0.016541 0.016233
7 0.683280 0.155746 0.014583 0.012682
7 0.704201 0.179522 0.017120 0.015850
7 0.757672 0.198332 0.014160 0.013740
7 0.334754 0.205451 0.018065 0.018244
7 0.394582 0.215648 0.015380 0.015741
7 0.408532 0.214575 0.016098 0.015737
7 0.723669 0.231925 0.014666 0.015384
7 0.731544 0.228257 0.013962 0.015205
7 0.815782 0.254542 0.011624 0.011624
7 0.756260 0.260620 0.017368 0.017636
7 0.818120 0.280994 0.017371 0.016968
7 0.202394 0.270235 0.019683 0.019160
7 0.360007 0.288609 0.017077 0.017073
7 0.635848 0.249810 0.017351 0.018244
7 0.685304 0.274315 0.017169 0.016455
7 0.579734 0.433639 0.009858 0.009600
7 0.585630 0.429033 0.009408 0.010698
7 0.594167 0.428839 0.011918 0.011210
7 0.609020 0.434091 0.013145 0.012566
7 0.280790 0.555270 0.007083 0.007378
7 0.287315 0.559668 0.008201 0.008575
7 0.275236 0.560637 0.007457 0.008423
7 0.275683 0.568800 0.010288 0.009544
7 0.283399 0.567159 0.007381 0.007903
7 0.281052 0.561756 0.007751 0.008274
7 0.252449 0.556248 0.015136 0.013819
7 0.279431 0.513391 0.014478 0.013323
7 0.876862 0.415051 0.016237 0.015407
7 0.890255 0.428026 0.012540 0.012480
7 0.880005 0.440164 0.016875 0.015909
7 0.832715 0.400304 0.017560 0.016700
7 0.777161 0.312535 0.017722 0.017159
7 0.465270 0.318856 0.015116 0.015728
7 0.506070 0.302510 0.016346 0.015238
7 0.553198 0.297227 0.014008 0.014990
7 0.572738 0.301774 0.015238 0.015241
7 0.155668 0.394251 0.016567 0.015731
7 0.119449 0.420319 0.015506 0.015188
7 0.105982 0.444125 0.012374 0.012378
7 0.128942 0.452536 0.016263 0.014597
7 0.125491 0.473403 0.015711 0.014120
7 0.573021 0.359757 0.007841 0.007887
7 0.581756 0.365084 0.011984 0.011677
7 0.554889 0.362626 0.010096 0.009630
7 0.562753 0.367389 0.010856 0.010552
7 0.533629 0.399109 0.009540 0.011200
7 0.539997 0.400028 0.011620 0.011498
7 0.563350 0.401124 0.012328 0.011554
7 0.544653 0.415524 0.012030 0.011200
7 0.691586 0.521695 0.012933 0.012219
7 0.691149 0.541452 0.011743 0.012057
7 0.202302 0.482062 0.015172 0.015407
7 0.499573 0.623206 0.011792 0.010698
7 0.476083 0.582581 0.011862 0.011670
7 0.462520 0.570046 0.011971 0.011376
7 0.628097 0.736503 0.012014 0.011319
7 0.628171 0.727078 0.013644 0.009739
7 0.628411 0.715628 0.013853 0.013988
7 0.644115 0.719879 0.011247 0.010837
7 0.649428 0.712406 0.008981 0.009051
7 0.645486 0.709727 0.006310 0.006452
7 0.646515 0.704521 0.008366 0.007269
7 0.639383 0.702669 0.009461 0.010423
7 0.595107 0.839499 0.014640 0.014315
7 0.624145 0.830861 0.014805 0.014150
7 0.668729 0.856691 0.014805 0.013489
7 0.656308 0.862450 0.012669 0.013161
7 0.346116 0.682846 0.015360 0.017755
7 0.528077 0.530111 0.011114 0.010962
7 0.518396 0.531007 0.010397 0.010499
7 0.508223 0.521229 0.010050 0.009031
7 0.520175 0.511754 0.010847 0.010274
7 0.513070 0.509587 0.009739 0.009649
7 0.501607 0.510804 0.010893 0.011376
7 0.597298 0.452211 0.013247 0.012774
7 0.555369 0.436700 0.012060 0.011422
7 0.379203 0.488399 0.013724 0.013161
7 0.358077 0.494137 0.012444 0.011832
7 0.702813 0.539311 0.011108 0.009362
7 0.326448 0.504074 0.013214 0.013161
7 0.449342 0.533044 0.011025 0.011386
7 0.442052 0.530678 0.008773 0.009246
7 0.439534 0.545937 0.010847 0.009540
7 0.434645 0.535270 0.011855 0.011438
7 0.284256 0.445759 0.017824 0.017569
7 0.616291 0.620952 0.012483 0.012705
7 0.647487 0.621396 0.013128 0.012401
7 0.641025 0.644053 0.012573 0.012305
7 0.590633 0.652077 0.013171 0.012533
7 0.621541 0.667159 0.012745 0.012533
7 0.605961 0.640766 0.011194 0.011577
7 0.684993 0.709464 0.013829 0.013221
7 0.693133 0.555018 0.011108 0.010155
7 0.725053 0.545729 0.017811 0.015248
7 0.703125 0.552793 0.010165 0.008892
7 0.683356 0.731111 0.013856 0.013558
7 0.701860 0.547125 0.011425 0.007536
7 0.737014 0.707783 0.014742 0.014196
7 0.746271 0.738022 0.014606 0.014193
7 0.703112 0.768608 0.015265 0.014749
7 0.737173 0.756648 0.015675 0.015625
7 0.686220 0.646700 0.012930 0.012731
7 0.675132 0.635274 0.012401 0.011640
7 0.584735 0.604509 0.012321 0.012318
7 0.562312 0.622725 0.013228 0.012566
7 0.597154 0.529649 0.013277 0.013122
7 0.628674 0.532520 0.012731 0.012566
7 0.619618 0.549661 0.012245 0.011247
7 0.602381 0.548034 0.011290 0.010751
7 0.662738 0.494041 0.013558 0.012864
7 0.814760 0.543714 0.017708 0.016733
7 0.771121 0.525949 0.016501 0.015575
7 0.775317 0.667060 0.014749 0.013558
7 0.713859 0.611073 0.014881 0.013965
7 0.678494 0.580293 0.015493 0.012946
7 0.542622 0.606936 0.013386 0.015678
7 0.544443 0.579707 0.011968 0.011101
7 0.595088 0.565041 0.011273 0.011187
7 0.515913 0.554038 0.010946 0.010714
7 0.507860 0.558495 0.010813 0.010119
7 0.490437 0.605098 0.013056 0.012960
7 0.673603 0.677249 0.012702 0.011574
7 0.489377 0.699377 0.017073 0.014263
7 0.426247 0.696648 0.014993 0.014461
7 0.590078 0.724967 0.014163 0.012269
7 0.579233 0.713380 0.014048 0.013750
7 0.383074 0.788189 0.011425 0.011743
7 0.374821 0.778046 0.012500 0.010913
7 0.345349 0.763719 0.012741 0.011558
7 0.314043 0.732895 0.013317 0.012550
7 0.271936 0.731615 0.013932 0.013469
7 0.471910 0.838973 0.013925 0.013218
7 0.273573 0.584904 0.013403 0.012116
7 0.340355 0.581691 0.012576 0.012120
7 0.313871 0.616207 0.014137 0.013036
7 0.338279 0.548975 0.013165 0.012804
7 0.368962 0.612561 0.015417 0.015109
7 0.417950 0.562629 0.011839 0.011012
7 0.416341 0.593272 0.012192 0.011372
7 0.404482 0.577598 0.012140 0.011167
7 0.396979 0.584102 0.011472 0.011267
7 0.766262 0.455069 0.016121 0.017063
7 0.700392 0.425585 0.013634 0.013181
7 0.689152 0.437650 0.014058 0.013720
7 0.789251 0.418560 0.016339 0.016286
7 0.375104 0.426035 0.013806 0.012745
7 0.372981 0.455456 0.013383 0.012321
7 0.479869 0.409272 0.014124 0.013413
7 0.439742 0.409112 0.013810 0.014104
7 0.413249 0.391010 0.014401 0.013304
7 0.367153 0.373679 0.015112 0.013866
7 0.342262 0.371544 0.015589 0.015410
7 0.407006 0.719719 0.013654 0.012692
7 0.387533 0.725947 0.012771 0.012298
7 0.408757 0.732254 0.013644 0.011584
7 0.397412 0.717578 0.010949 0.011584
7 0.114226 0.512080 0.016025 0.015311
7 0.111131 0.536000 0.016501 0.016028
7 0.576837 0.354378 0.009931 0.008300
