5 0.135643 0.743844 0.021174 0.021392
5 0.230349 0.854243 0.017285 0.016978
5 0.231080 0.827444 0.016366 0.016521
5 0.212922 0.821316 0.016445 0.014769
5 0.217381 0.809286 0.017751 0.016746
5 0.406969 0.937564 0.018271 0.017966
5 0.460827 0.921114 0.019365 0.018968
5 0.550460 0.935060 0.019874 0.017123
5 0.550971 0.919668 0.020281 0.017735
5 0.576801 0.937457 0.019150 0.019067
5 0.429544 0.648654 0.018803 0.018042
5 0.433274 0.614737 0.016065 0.017662
5 0.443891 0.614277 0.017212 0.016604
5 0.522439 0.611729 0.020367 0.020840
5 0.537121 0.618991 0.020995 0.023049
5 0.532970 0.499101 0.021224 0.020992
5 0.501895 0.504997 0.017335 0.013915
5 0.495174 0.511896 0.015685 0.015446
5 0.482733 0.490610 0.018396 0.017688
5 0.464691 0.461012 0.019342 0.018631
5 0.436858 0.464549 0.018472 0.017841
5 0.444435 0.469276 0.014683 0.014067
5 0.441594 0.478828 0.014048 0.014223
5 0.429595 0.478914 0.012470 0.012470
5 0.437490 0.488781 0.014683 0.015155
5 0.412839 0.419889 0.022173 0.020519
5 0.336867 0.445885 0.021670 0.020261
5 0.284630 0.418180 0.019907 0.018938
5 0.249998 0.395139 0.022305 0.022381
5 0.279653 0.387336 0.020556 0.019719
5 0.333699 0.384324 0.020757 0.019104
5 0.339124 0.370704 0.020284 0.018042
5 0.506038 0.351005 0.023783 0.022374
5 0.647351 0.354664 0.027698 0.026062
5 0.163115 0.264342 0.022765 0.022077
5 0.240491 0.272530 0.023112 0.022169
5 0.457953 0.152975 0.023333 0.022788
5 0.643872 0.154982 0.025575 0.025890
5 0.771405 0.289104 0.027288 0.025926
5 0.502715 0.188955 0.022381 0.020787
5 0.351091 0.141582 0.019907 0.020876
5 0.866361 0.597616 0.026558 0.025648
5 0.831807 0.631442 0.020347 0.020615
5 0.810137 0.607614 0.023694 0.021584
5 0.768737 0.594005 0.021230 0.020615
5 0.787368 0.563218 0.023433 0.021931
5 0.751524 0.677464 0.019101 0.018829
5 0.745931 0.696566 0.020466 0.020466
5 0.799575 0.779430 0.022728 0.024223
5 0.706382 0.687937 0.031058 0.026515
5 0.712903 0.563578 0.026488 0.025754
5 0.621944 0.758090 0.023366 0.022417
5 0.639709 0.845876 0.024015 0.023604
5 0.601572 0.799689 0.021968 0.021012
5 0.318846 0.181083 0.019187 0.018575
5 0.343968 0.196880 0.020099 0.019110
5 0.316867 0.206701 0.018271 0.017894
5 0.300395 0.238510 0.020519 0.019692
5 0.194183 0.537007 0.021581 0.021045
5 0.279147 0.469904 0.019874 0.020007
5 0.342384 0.530332 0.019610 0.019302
5 0.312993 0.556280 0.021832 0.020642
5 0.259636 0.641171 0.021164 0.021263
5 0.295021 0.718241 0.018826 0.018479
5 0.279430 0.731768 0.017867 0.017140
5 0.329286 0.725013 0.017163 0.017427
5 0.405737 0.707221 0.019808 0.018621
5 0.417221 0.718833 0.018952 0.019616
5 0.327062 0.764471 0.019170 0.018876
5 0.309808 0.788973 0.017401 0.016763
5 0.391286 0.785023 0.020860 0.020708
5 0.318080 0.825385 0.019276 0.018099
5 0.278905 0.805888 0.019788 0.019203
5 0.427599 0.890539 0.018538 0.017110
5 0.426554 0.865855 0.019220 0.016862
5 0.426455 0.852464 0.018433 0.017401
5 0.450170 0.852857 0.019759 0.018677
5 0.481475 0.749955 0.021316 0.019831
5 0.137763 0.466391 0.022993 0.022841
5 0.080321 0.493191 0.022308 0.021316
5 0.091323 0.535445 0.021468 0.021472
5 0.181734 0.654942 0.020248 0.020400
5 0.140752 0.699423 0.021273 0.021419
5 0.193796 0.728654 0.016508 0.018155
5 0.214387 0.717131 0.018958 0.018343
5 0.413560 0.514716 0.019567 0.018347
5 0.392907 0.609914 0.017368 0.018631
5 0.432533 0.595390 0.017050 0.017050
5 0.455423 0.573368 0.018313 0.017841
5 0.520782 0.553714 0.021154 0.020840
5 0.490693 0.545827 0.016895 0.016746
5 0.485025 0.539899 0.014051 0.013733
5 0.627821 0.730749 0.025205 0.027583
