4 0.474287 0.793127 0.015856 0.014633
4 0.396225 0.637029 0.015400 0.014739
4 0.410273 0.647755 0.013886 0.014213
4 0.427611 0.649234 0.014871 0.016121
4 0.437087 0.645451 0.013816 0.013819
4 0.605564 0.725283 0.017662 0.017054
4 0.599177 0.702999 0.019339 0.018730
4 0.624003 0.674433 0.018555 0.018013
4 0.677082 0.653216 0.019375 0.018965
4 0.393021 0.470863 0.018886 0.018948
4 0.469507 0.391434 0.019107 0.018575
4 0.472087 0.291270 0.019365 0.019974
4 0.408264 0.297204 0.021786 0.020208
4 0.371402 0.310308 0.021627 0.020522
4 0.397452 0.348748 0.023839 0.021941
4 0.303816 0.303910 0.019775 0.020182
4 0.281038 0.306579 0.019874 0.020281
4 0.251820 0.378843 0.019732 0.019378
4 0.283970 0.380164 0.017265 0.016736
4 0.265362 0.425132 0.019977 0.019570
4 0.326764 0.445468 0.019342 0.019342
4 0.358922 0.457474 0.018796 0.017877
4 0.379380 0.441634 0.020076 0.018347
4 0.557477 0.408029 0.023036 0.020384
4 0.543839 0.430565 0.017328 0.017123
4 0.539916 0.447636 0.017021 0.016614
4 0.571460 0.463588 0.019163 0.019570
4 0.528094 0.475207 0.019673 0.018958
4 0.550976 0.483666 0.018142 0.017530
4 0.658576 0.626222 0.015856 0.014534
4 0.682402 0.596667 0.015592 0.014974
4 0.663562 0.524018 0.020403 0.020403
4 0.644721 0.499162 0.019263 0.018502
4 0.628199 0.471715 0.018046 0.017662
4 0.630827 0.453861 0.020860 0.020023
4 0.701896 0.512910 0.022523 0.019458
4 0.791992 0.521341 0.022054 0.021696
4 0.729279 0.440422 0.015093 0.016392
4 0.736939 0.440360 0.017702 0.018869
4 0.747912 0.466718 0.018866 0.015923
4 0.732464 0.479395 0.020046 0.019577
4 0.693312 0.452508 0.016035 0.014388
4 0.466101 0.604590 0.013829 0.013042
4 0.473018 0.613391 0.015678 0.014454
4 0.499401 0.616301 0.016296 0.015327
4 0.518824 0.636518 0.018323 0.016296
4 0.530891 0.655942 0.014269 0.013036
4 0.566348 0.665455 0.017530 0.016207
4 0.524658 0.535871 0.017206 0.015989
4 0.526389 0.518115 0.018386 0.018307
4 0.485914 0.513679 0.018059 0.017265
4 0.457108 0.517821 0.016472 0.014623
4 0.465608 0.534689 0.014623 0.013829
4 0.593424 0.641389 0.017735 0.017427
4 0.560752 0.622650 0.017219 0.016154
4 0.543712 0.628252 0.017100 0.016035
4 0.554856 0.591931 0.017219 0.016984
4 0.549315 0.568201 0.017837 0.016905
4 0.455570 0.589517 0.016835 0.016607
4 0.457988 0.573905 0.017345 0.016892
4 0.413472 0.537303 0.017130 0.017966
4 0.393444 0.528862 0.018733 0.018373
4 0.453059 0.473545 0.018776 0.018677
4 0.461217 0.480575 0.020060 0.019167
4 0.460471 0.438515 0.018687 0.019279
4 0.489932 0.447366 0.019527 0.019223
4 0.341645 0.650423 0.012973 0.012500
4 0.492401 0.877498 0.018142 0.016921
4 0.591774 0.879995 0.015288 0.011518
4 0.791028 0.738611 0.019365 0.019160
4 0.817072 0.634825 0.020056 0.018009
4 0.835966 0.626364 0.022646 0.020737
4 0.863872 0.347275 0.020589 0.020589
4 0.755509 0.234858 0.023069 0.022533
4 0.747819 0.211181 0.022305 0.022077
4 0.562665 0.102412 0.018287 0.017391
4 0.449767 0.099322 0.023952 0.021607
4 0.388512 0.129848 0.020284 0.022116
4 0.400184 0.127912 0.016511 0.016002
4 0.408585 0.133054 0.019272 0.018356
4 0.242588 0.166561 0.021815 0.020873
4 0.196007 0.204534 0.017100 0.017804
4 0.121361 0.508345 0.020460 0.019362
4 0.091680 0.582687 0.020642 0.021187
4 0.091405 0.614653 0.012421 0.014980
4 0.109578 0.623419 0.018449 0.018631
4 0.335329 0.868732 0.016802 0.013700
4 0.313684 0.832566 0.019544 0.020278
4 0.178887 0.733897 0.020109 0.019454
4 0.180397 0.714997 0.018499 0.018320
4 0.177842 0.691080 0.019203 0.019117
4 0.147659 0.614608 0.018750 0.017808
4 0.178201 0.622922 0.018042 0.016981
4 0.197070 0.612368 0.015212 0.015212
4 0.214876 0.618323 0.017100 0.016038
4 0.172551 0.579714 0.018396 0.016743
4 0.214656 0.674625 0.017533 0.016815
4 0.225665 0.682569 0.017123 0.016422
4 0.286103 0.672892 0.017940 0.017226
4 0.260630 0.755481 0.019104 0.018396
4 0.288108 0.772817 0.017923 0.017216
4 0.281916 0.755012 0.011200 0.011319
4 0.328805 0.764583 0.019567 0.018803
4 0.356632 0.761690 0.018575 0.017434
4 0.459101 0.797816 0.014187 0.014071
4 0.325549 0.669585 0.018042 0.017100
4 0.295336 0.621844 0.015942 0.015856
4 0.319031 0.617659 0.014358 0.013651
4 0.302778 0.611625 0.016382 0.017616
4 0.334182 0.595901 0.018760 0.019117
4 0.313657 0.549787 0.017705 0.018145
4 0.385582 0.565556 0.019557 0.019028
4 0.335212 0.534836 0.015126 0.013423
4 0.343828 0.525823 0.010863 0.009497
4 0.342576 0.519168 0.015410 0.013707
4 0.334132 0.513368 0.015241 0.014613
4 0.316007 0.519436 0.014957 0.014897
4 0.311058 0.509597 0.015979 0.015582
4 0.277621 0.532469 0.013171 0.011650
4 0.277773 0.523714 0.012867 0.011495
4 0.268562 0.520554 0.012864 0.011875
4 0.266088 0.538674 0.015377 0.014921
4 0.259008 0.529347 0.014008 0.012411
4 0.254972 0.521050 0.015380 0.014845
4 0.241192 0.551425 0.017206 0.016217
4 0.223034 0.529120 0.018958 0.018042
4 0.502717 0.358370 0.019124 0.017440
4 0.500430 0.367793 0.016296 0.014454
4 0.497260 0.378142 0.017880 0.017011
4 0.515648 0.404468 0.017672 0.018591
4 0.450332 0.626220 0.015479 0.015800
4 0.431376 0.622044 0.010589 0.011111
4 0.438814 0.623368 0.010407 0.010499
4 0.434988 0.611291 0.012331 0.010804
4 0.419140 0.629841 0.015899 0.015086
4 0.416591 0.619190 0.014881 0.012738
4 0.240728 0.598690 0.014769 0.014008
4 0.217394 0.598194 0.016978 0.016369
4 0.565572 0.280633 0.022110 0.021584
4 0.561918 0.250375 0.022374 0.021141
4 0.657646 0.313168 0.021607 0.021700
4 0.721197 0.346073 0.020086 0.018323
4 0.740754 0.316212 0.016561 0.015506
4 0.804820 0.402533 0.021167 0.018578
4 0.795875 0.364962 0.022001 0.020784
4 0.810605 0.330967 0.019947 0.018727
4 0.453522 0.243519 0.020284 0.019458
4 0.528647 0.177612 0.022156 0.020403
4 0.498209 0.121038 0.022761 0.022229
4 0.416290 0.155832 0.017434 0.016901
4 0.314916 0.277055 0.017569 0.016253
4 0.297576 0.269324 0.016713 0.016319
4 0.300570 0.255898 0.015856 0.014871
4 0.315737 0.238330 0.020794 0.020265
4 0.263490 0.219945 0.020638 0.020486
4 0.252356 0.190746 0.020790 0.019772
4 0.240012 0.268173 0.018118 0.017966
4 0.227146 0.277766 0.019491 0.019183
4 0.209024 0.266232 0.019491 0.019719
4 0.218902 0.343583 0.020417 0.019732
4 0.465962 0.780931 0.017176 0.016121
4 0.177369 0.417364 0.017662 0.017130
4 0.179387 0.400767 0.018198 0.017586
4 0.167586 0.380212 0.016825 0.015761
4 0.154835 0.389841 0.020403 0.019491
4 0.396043 0.736878 0.017735 0.016310
4 0.488386 0.744879 0.017123 0.016002
4 0.575129 0.791425 0.019570 0.018142
4 0.541789 0.800117 0.018631 0.016273
