8 0.592282 0.649492 0.024742 0.024355
8 0.703886 0.590392 0.025747 0.025149
8 0.454279 0.395797 0.022513 0.022599
8 0.506396 0.307269 0.023651 0.023783
8 0.527303 0.295777 0.022179 0.021111
8 0.575273 0.125079 0.025790 0.022427
8 0.523355 0.214977 0.023806 0.022341
8 0.522361 0.258494 0.022513 0.022252
8 0.564370 0.255906 0.021650 0.020357
8 0.604314 0.297612 0.022556 0.020562
8 0.690078 0.193280 0.025063 0.023003
8 0.718087 0.257636 0.024163 0.021779
8 0.715091 0.278414 0.023323 0.022616
8 0.822700 0.327917 0.024421 0.023968
8 0.794972 0.396539 0.024825 0.024229
8 0.787758 0.511495 0.024306 0.024306
8 0.734833 0.451647 0.025050 0.023056
8 0.727778 0.376050 0.022811 0.022616
8 0.680891 0.328778 0.022331 0.021994
8 0.686892 0.360527 0.023188 0.022569
8 0.592606 0.378889 0.022745 0.021005
8 0.695698 0.526434 0.025516 0.024421
8 0.604347 0.469173 0.024302 0.022738
8 0.593016 0.495453 0.024603 0.022963
8 0.377730 0.107707 0.024514 0.024752
8 0.662748 0.097354 0.021396 0.022937
8 0.753006 0.132642 0.021104 0.021978
8 0.823416 0.216834 0.024180 0.023945
8 0.921543 0.637146 0.022860 0.023843
8 0.427196 0.934699 0.022183 0.022467
8 0.134451 0.276472 0.013770 0.017427
8 0.489486 0.443729 0.023178 0.022219
8 0.479886 0.457649 0.023998 0.023452
8 0.574683 0.333578 0.021184 0.020152
8 0.585632 0.345241 0.019279 0.019676
8 0.650866 0.848729 0.022937 0.023409
8 0.670691 0.841741 0.023829 0.023065
8 0.429845 0.875934 0.025899 0.024778
8 0.455800 0.859218 0.025661 0.023826
8 0.291602 0.773183 0.027735 0.026968
8 0.823965 0.771510 0.025714 0.025969
8 0.900334 0.618145 0.022090 0.021204
8 0.858867 0.584109 0.023528 0.023588
8 0.239443 0.245974 0.022993 0.021511
8 0.227943 0.274790 0.022222 0.022133
8 0.216599 0.306875 0.023793 0.022560
8 0.235354 0.367292 0.025648 0.025370
8 0.244001 0.467217 0.025066 0.024534
8 0.264340 0.502693 0.026022 0.026233
8 0.270891 0.579307 0.026260 0.025466
8 0.439615 0.809653 0.024547 0.023862
8 0.753264 0.761121 0.024114 0.022573
8 0.652753 0.789195 0.024871 0.024355
8 0.705326 0.759368 0.023039 0.022216
8 0.694590 0.732384 0.023783 0.022672
8 0.474993 0.740962 0.025278 0.024927
8 0.353095 0.608249 0.024365 0.024613
8 0.400250 0.592874 0.025890 0.025694
8 0.363755 0.570106 0.026353 0.025642
8 0.624134 0.616885 0.024987 0.025040
