2 0.727001 0.307902 0.079246 0.087589
2 0.325210 0.208150 0.076465 0.075771
2 0.760575 0.728714 0.070489 0.060668
2 0.173325 0.450405 0.082722 0.088978
2 0.164982 0.566493 0.079944 0.075076
2 0.251882 0.304426 0.088300 0.090367
2 0.648451 0.692662 0.066736 0.078552
2 0.560516 0.634271 0.071601 0.070208
2 0.471538 0.721511 0.104967 0.066733
2 0.297406 0.773646 0.093151 0.090367
2 0.367963 0.646088 0.091065 0.085503
2 0.439909 0.530694 0.072292 0.082718
2 0.733953 0.643307 0.068125 0.063261
2 0.670696 0.552591 0.069514 0.062563
2 0.307834 0.492809 0.072295 0.083416
2 0.849345 0.610635 0.079246 0.067427
2 0.462154 0.376721 0.077854 0.080638
2 0.640804 0.423295 0.079246 0.070903
2 0.814937 0.507755 0.085503 0.066038
2 0.552869 0.187991 0.081333 0.081333
2 0.587627 0.268975 0.070208 0.070906
