2 0.413431 0.444072 0.047140 0.044521
2 0.424562 0.403317 0.040592 0.040265
2 0.378077 0.488266 0.060235 0.061544
2 0.381187 0.375486 0.053360 0.055311
2 0.468264 0.345046 0.045503 0.046157
2 0.571710 0.351430 0.053360 0.051723
2 0.616721 0.452257 0.051723 0.047794
2 0.735063 0.536387 0.048122 0.047794
2 0.713292 0.449638 0.043211 0.041901
2 0.792675 0.409701 0.050741 0.049759
2 0.695455 0.566179 0.054005 0.051068
2 0.848981 0.609390 0.050086 0.046485
2 0.699215 0.474681 0.039282 0.038958
2 0.679902 0.461915 0.037318 0.041574
2 0.500182 0.406100 0.035357 0.041901
2 0.753065 0.768320 0.052050 0.048122
2 0.680557 0.746553 0.051068 0.047140
2 0.679739 0.706288 0.045503 0.044521
2 0.610174 0.641143 0.051068 0.053032
2 0.572201 0.566014 0.052378 0.053356
2 0.526698 0.538024 0.049759 0.047794
2 0.476612 0.579762 0.050413 0.048776
2 0.496407 0.628803 0.047278 0.049233
2 0.470107 0.651281 0.053476 0.050109
2 0.398953 0.594563 0.061683 0.061667
2 0.167571 0.287393 0.053476 0.041875
2 0.856839 0.325079 0.045503 0.046812
2 0.779420 0.216723 0.047140 0.047467
2 0.399684 0.268446 0.051068 0.051396
2 0.482505 0.266318 0.050413 0.050413
2 0.419979 0.192169 0.051068 0.052050
2 0.166863 0.316392 0.046399 0.035364
2 0.205342 0.342138 0.053191 0.046683
2 0.217636 0.377363 0.058029 0.051491
2 0.111706 0.437955 0.059907 0.057292
2 0.089428 0.528304 0.043571 0.045503
2 0.181090 0.591645 0.056009 0.057616
2 0.525529 0.069082 0.042692 0.031088
2 0.232085 0.641796 0.049640 0.048419
2 0.217045 0.681042 0.062113 0.055509
2 0.273287 0.702439 0.056243 0.056729
2 0.218514 0.776288 0.051842 0.051353
2 0.353700 0.696096 0.046396 0.053522
2 0.373509 0.709795 0.039656 0.040370
2 0.408315 0.740208 0.054798 0.054431
2 0.445261 0.797465 0.055582 0.054950
2 0.511095 0.779922 0.054524 0.053681
2 0.554737 0.806976 0.047126 0.048608
2 0.573442 0.841098 0.051567 0.052646
2 0.643606 0.845017 0.053681 0.056217
2 0.491334 0.874501 0.057695 0.056852
2 0.096756 0.321921 0.032758 0.036349
2 0.074249 0.380463 0.029167 0.032123
2 0.482505 0.416412 0.029461 0.042229
2 0.456644 0.418049 0.037976 0.046812
