0 0.814838 0.224153 0.081184 0.083148
0 0.823661 0.311721 0.098896 0.094606
0 0.363347 0.827343 0.111958 0.099190
0 0.443876 0.705551 0.172189 0.165347
0 0.559544 0.584770 0.177639 0.168171
0 0.619010 0.649160 0.106432 0.109841
0 0.361071 0.610903 0.091283 0.075754
0 0.343080 0.507880 0.165896 0.154537
0 0.306529 0.346526 0.151128 0.149990
0 0.337892 0.196644 0.160169 0.153340
0 0.325544 0.117179 0.101233 0.078003
0 0.564573 0.241503 0.164008 0.164335
0 0.628882 0.255253 0.104134 0.109990
0 0.723178 0.344294 0.168915 0.161716
0 0.738565 0.208767 0.097553 0.097553
0 0.777847 0.259182 0.081184 0.077259
