9 0.472320 0.135633 0.029706 0.028575
9 0.400923 0.936323 0.031991 0.031991
9 0.516837 0.911561 0.029798 0.028049
9 0.543132 0.908494 0.031554 0.033304
9 0.526916 0.940048 0.030678 0.032431
9 0.672194 0.859850 0.032867 0.030678
9 0.640642 0.844949 0.031991 0.032431
9 0.605362 0.800686 0.023667 0.021035
9 0.581481 0.818654 0.025860 0.026296
9 0.658828 0.753356 0.030678 0.028049
9 0.542693 0.814053 0.031551 0.031994
9 0.557594 0.762560 0.026293 0.025417
9 0.910379 0.567186 0.024613 0.023201
9 0.950413 0.501544 0.030556 0.029425
9 0.916887 0.476931 0.028013 0.027163
9 0.871901 0.480043 0.030840 0.029425
9 0.870202 0.508902 0.026878 0.023201
9 0.943342 0.418930 0.029990 0.026597
9 0.838090 0.340559 0.029990 0.031124
9 0.804704 0.276334 0.028859 0.028859
9 0.837525 0.200227 0.028859 0.032252
9 0.777188 0.161591 0.028806 0.029788
9 0.628973 0.064428 0.026121 0.020093
9 0.589975 0.060772 0.028859 0.020823
9 0.694274 0.087168 0.024110 0.021009
9 0.782098 0.142692 0.030274 0.023512
9 0.657546 0.291852 0.028856 0.027388
9 0.617321 0.264830 0.025675 0.021763
9 0.616465 0.285615 0.026898 0.020787
9 0.623922 0.296240 0.025185 0.025456
9 0.658036 0.327431 0.027877 0.026164
9 0.696425 0.362520 0.025919 0.026409
9 0.668305 0.368021 0.025433 0.024210
9 0.662313 0.348826 0.022252 0.020542
9 0.391232 0.861941 0.030116 0.032407
9 0.270747 0.769954 0.031462 0.034372
9 0.403018 0.778955 0.028806 0.027500
9 0.399089 0.752439 0.028151 0.027497
9 0.399416 0.727396 0.026842 0.025863
9 0.535106 0.720848 0.026515 0.025863
9 0.632457 0.179345 0.027447 0.026594
9 0.532440 0.201273 0.028294 0.030271
9 0.536827 0.147517 0.030837 0.031971
9 0.382629 0.121486 0.026878 0.029144
9 0.341463 0.126862 0.020936 0.021786
9 0.284312 0.200565 0.024332 0.023201
9 0.199716 0.243004 0.023201 0.023767
9 0.091804 0.597191 0.034481 0.031438
9 0.141496 0.651445 0.028396 0.030423
9 0.157477 0.680094 0.032943 0.032960
9 0.206653 0.691756 0.031944 0.033975
9 0.328917 0.693061 0.030301 0.031815
9 0.351076 0.682834 0.029924 0.029544
9 0.473228 0.648935 0.028783 0.032196
9 0.223183 0.614430 0.023323 0.025354
9 0.121265 0.447354 0.028396 0.028902
9 0.445127 0.244327 0.029408 0.028859
9 0.462022 0.236199 0.028495 0.029044
9 0.415443 0.202955 0.026303 0.025023
9 0.400465 0.272275 0.024110 0.021190
9 0.269554 0.286925 0.023565 0.023016
9 0.238318 0.311948 0.029044 0.028128
9 0.259598 0.346563 0.029593 0.029044
9 0.180298 0.411083 0.030079 0.028363
9 0.181763 0.494469 0.029590 0.029342
9 0.230556 0.517021 0.025205 0.028128
9 0.244985 0.557297 0.024110 0.023562
9 0.246263 0.449254 0.024841 0.025572
9 0.288641 0.422039 0.026667 0.028859
9 0.341978 0.421581 0.026667 0.030503
9 0.375131 0.393543 0.025757 0.027397
9 0.369469 0.418385 0.021372 0.021551
9 0.433439 0.630787 0.020873 0.018631
9 0.439099 0.614514 0.019692 0.019339
9 0.309155 0.623189 0.019263 0.020208
9 0.331415 0.616558 0.026521 0.026839
9 0.401351 0.565883 0.023681 0.023049
9 0.539205 0.581579 0.028740 0.026419
9 0.703947 0.533181 0.026419 0.023882
9 0.747166 0.512047 0.029167 0.026415
9 0.670342 0.484148 0.025995 0.025995
9 0.611647 0.489626 0.024451 0.024696
9 0.370582 0.479648 0.021554 0.023198
9 0.384099 0.461291 0.022649 0.023013
9 0.407846 0.472068 0.024110 0.025936
9 0.419443 0.442111 0.023198 0.022649
9 0.454790 0.437912 0.027034 0.026670
9 0.480544 0.481200 0.023013 0.021918
9 0.472872 0.492436 0.021551 0.019911
9 0.550883 0.455299 0.030112 0.028489
9 0.615865 0.423051 0.025208 0.026842
9 0.642054 0.382950 0.020622 0.021276
9 0.565288 0.359544 0.024881 0.024881
9 0.549248 0.413722 0.028151 0.028482
9 0.440564 0.341212 0.032080 0.029461
