6 0.815015 0.366885 0.022259 0.022705
6 0.661152 0.872108 0.019633 0.017827
6 0.628110 0.866227 0.019223 0.018988
6 0.636772 0.878550 0.018406 0.018866
6 0.529349 0.907698 0.020437 0.019821
6 0.548553 0.905718 0.019382 0.019907
6 0.286377 0.850352 0.020261 0.020612
6 0.269067 0.846652 0.017884 0.019203
6 0.259993 0.832955 0.018763 0.018059
6 0.220220 0.796134 0.018548 0.018347
6 0.246923 0.794606 0.015288 0.015899
6 0.142517 0.737829 0.015800 0.017100
6 0.133082 0.712121 0.016038 0.015446
6 0.098224 0.637217 0.016091 0.016769
6 0.078844 0.590833 0.015281 0.016237
6 0.093438 0.525255 0.021935 0.017970
6 0.092596 0.474036 0.019041 0.022219
6 0.145522 0.287839 0.019292 0.018323
6 0.151116 0.271982 0.017265 0.016386
6 0.166443 0.260355 0.018674 0.019203
6 0.249567 0.176341 0.017434 0.017966
6 0.566660 0.105088 0.016746 0.012973
6 0.614243 0.129439 0.020165 0.019931
6 0.628925 0.134332 0.020284 0.020284
6 0.421472 0.921941 0.017533 0.011323
6 0.073591 0.603737 0.010126 0.012183
6 0.085440 0.650582 0.009478 0.011720
6 0.073790 0.428439 0.011673 0.015681
6 0.606267 0.825352 0.021310 0.023390
6 0.488059 0.866503 0.022097 0.021849
6 0.284559 0.793347 0.018006 0.017143
6 0.294312 0.800673 0.018585 0.018760
6 0.245685 0.757573 0.016396 0.017593
6 0.254894 0.759962 0.016885 0.016167
6 0.152682 0.718256 0.021098 0.018416
6 0.177145 0.697738 0.016551 0.017209
6 0.183866 0.695734 0.017169 0.016653
6 0.148892 0.677804 0.016984 0.015999
6 0.152735 0.683839 0.016984 0.016270
6 0.214094 0.703416 0.017791 0.018234
6 0.223700 0.695594 0.018783 0.017966
6 0.265732 0.212847 0.018853 0.019160
6 0.282770 0.206010 0.018310 0.016921
6 0.282343 0.219372 0.018079 0.017083
6 0.691878 0.340137 0.017507 0.019104
6 0.696318 0.331682 0.018806 0.018654
6 0.630924 0.489277 0.018204 0.019031
6 0.639148 0.486174 0.018099 0.018201
6 0.478171 0.543768 0.015106 0.014302
6 0.474818 0.567654 0.014392 0.014481
6 0.168232 0.659082 0.015678 0.014838
6 0.116534 0.631617 0.017593 0.017831
6 0.128740 0.642808 0.017831 0.017712
6 0.142864 0.636465 0.017831 0.017712
6 0.471648 0.672235 0.017351 0.017698
6 0.462090 0.677371 0.017877 0.017440
6 0.460122 0.692437 0.016984 0.016091
6 0.457262 0.711612 0.018770 0.017788
6 0.265569 0.777204 0.017864 0.017431
6 0.341091 0.831219 0.021515 0.022239
6 0.507100 0.562862 0.015913 0.016716
6 0.515810 0.561298 0.015119 0.016267
6 0.113368 0.545780 0.018833 0.015231
6 0.125898 0.559205 0.016200 0.016630
6 0.128322 0.540656 0.016617 0.016062
6 0.141270 0.523972 0.017308 0.017864
6 0.152970 0.535389 0.018829 0.018846
6 0.116705 0.463297 0.017999 0.017725
6 0.136367 0.460666 0.017999 0.018555
6 0.124527 0.428889 0.021462 0.021739
6 0.164337 0.467589 0.018833 0.018829
6 0.186908 0.457895 0.019663 0.020493
6 0.132728 0.367727 0.021991 0.021723
6 0.301602 0.246607 0.021928 0.020787
6 0.287535 0.172411 0.020103 0.020225
6 0.337080 0.178095 0.021541 0.021303
6 0.423616 0.139874 0.020473 0.020860
6 0.428097 0.171166 0.021399 0.020552
6 0.478705 0.142111 0.018720 0.019031
6 0.489567 0.124063 0.020377 0.020585
6 0.501151 0.148264 0.018929 0.018307
6 0.483360 0.159385 0.019550 0.019444
6 0.366481 0.354621 0.020721 0.021240
6 0.403188 0.373295 0.020489 0.020711
6 0.453891 0.362082 0.021610 0.021657
6 0.491591 0.404393 0.018697 0.019315
6 0.558669 0.389287 0.019845 0.020023
6 0.584086 0.360903 0.019778 0.020628
6 0.670832 0.228566 0.021452 0.022080
6 0.697746 0.789992 0.020354 0.020354
6 0.678014 0.816645 0.011908 0.011630
6 0.655860 0.765137 0.019663 0.020771
6 0.675038 0.761329 0.017860 0.019246
6 0.675107 0.726989 0.018833 0.020076
6 0.692622 0.730728 0.020357 0.021462
6 0.573942 0.788684 0.012698 0.013042
6 0.562363 0.772283 0.017073 0.017966
6 0.543365 0.775681 0.018773 0.018862
6 0.556774 0.787035 0.019845 0.016359
6 0.547429 0.805227 0.018138 0.019309
6 0.535835 0.831381 0.019229 0.019765
6 0.517302 0.844904 0.020238 0.021303
6 0.482341 0.774142 0.019901 0.020030
6 0.456477 0.818335 0.021015 0.020704
6 0.428738 0.829345 0.022404 0.021865
6 0.413656 0.776290 0.022530 0.022169
6 0.309281 0.747067 0.019130 0.019041
6 0.285188 0.716673 0.018327 0.018684
6 0.309816 0.719130 0.018773 0.018234
6 0.326086 0.701430 0.018952 0.018416
6 0.374537 0.700805 0.020562 0.019487
6 0.379678 0.723689 0.018859 0.018237
6 0.148391 0.605154 0.018237 0.017880
6 0.196751 0.597958 0.019309 0.018323
6 0.240152 0.638006 0.018327 0.019220
6 0.290866 0.610835 0.015992 0.015916
6 0.293647 0.572553 0.018155 0.017692
6 0.244742 0.578810 0.018776 0.017692
6 0.251926 0.558953 0.019547 0.019236
6 0.313737 0.543851 0.020628 0.019778
6 0.268259 0.486994 0.018310 0.018234
6 0.287629 0.416133 0.021627 0.021789
6 0.409451 0.632070 0.022083 0.022831
6 0.374835 0.600058 0.023327 0.022331
6 0.440594 0.544845 0.018363 0.017619
6 0.454988 0.527227 0.018859 0.017616
6 0.396488 0.450392 0.021045 0.020771
6 0.493967 0.454406 0.021048 0.020493
6 0.521938 0.485008 0.017447 0.017999
6 0.533084 0.494286 0.016756 0.017169
6 0.565207 0.460360 0.018694 0.019385
6 0.581892 0.505432 0.017447 0.017583
6 0.524178 0.575967 0.015837 0.016842
6 0.538819 0.610387 0.016687 0.018003
6 0.555623 0.619079 0.016610 0.017153
6 0.573973 0.608185 0.016068 0.016382
6 0.584134 0.626109 0.016303 0.017616
6 0.618451 0.688505 0.018409 0.019649
6 0.632725 0.673765 0.019444 0.020169
6 0.621066 0.629522 0.017609 0.018416
6 0.639527 0.634663 0.016627 0.017970
6 0.565094 0.584962 0.015314 0.016121
6 0.574347 0.573085 0.016062 0.017011
6 0.586817 0.578423 0.015764 0.016012
6 0.719289 0.680514 0.019563 0.019679
6 0.732016 0.670385 0.020433 0.020314
6 0.815689 0.656892 0.021300 0.021501
6 0.783760 0.598457 0.021171 0.021015
6 0.742619 0.583275 0.020165 0.021095
6 0.681341 0.626121 0.017021 0.018433
6 0.693160 0.626655 0.019170 0.018965
6 0.668690 0.605587 0.017030 0.017563
6 0.616680 0.594792 0.018062 0.017242
6 0.631682 0.581083 0.017285 0.018105
6 0.641832 0.568990 0.015516 0.015995
6 0.598135 0.540549 0.018829 0.019167
6 0.648284 0.527394 0.019630 0.019431
6 0.662364 0.348115 0.019352 0.020251
6 0.659320 0.376369 0.018555 0.019352
6 0.645321 0.433087 0.020403 0.020949
6 0.743590 0.456592 0.018595 0.020023
6 0.759679 0.467809 0.019848 0.021544
6 0.812378 0.483947 0.019041 0.019666
6 0.784608 0.422521 0.019276 0.020083
6 0.759291 0.387240 0.019163 0.020433
