7 0.360799 0.292680 0.018614 0.016822
7 0.421741 0.146290 0.019362 0.017903
7 0.321553 0.171040 0.016987 0.016624
7 0.345572 0.222731 0.014980 0.014795
7 0.360640 0.220815 0.014064 0.013151
7 0.368861 0.230860 0.015526 0.015344
7 0.470236 0.236066 0.017351 0.016624
7 0.601101 0.176639 0.018942 0.018628
7 0.698074 0.216987 0.018694 0.018148
7 0.660279 0.232475 0.017874 0.017192
7 0.815994 0.302540 0.013892 0.014524
7 0.754109 0.299064 0.018945 0.018313
7 0.555509 0.255116 0.017050 0.016892
7 0.529618 0.290794 0.016101 0.015628
7 0.408910 0.273254 0.014997 0.014683
7 0.443484 0.276412 0.015314 0.014993
7 0.433459 0.300880 0.014524 0.013419
7 0.482242 0.310670 0.015470 0.014051
7 0.266405 0.259745 0.017718 0.017546
7 0.202928 0.262753 0.017159 0.015890
7 0.215731 0.285179 0.016746 0.016389
7 0.170567 0.290309 0.014150 0.014150
7 0.200992 0.328634 0.017216 0.016746
7 0.154056 0.335709 0.018396 0.016273
7 0.241852 0.355286 0.015212 0.014388
7 0.269448 0.333469 0.016865 0.016276
7 0.335476 0.348193 0.015556 0.015281
7 0.368409 0.329218 0.014623 0.014005
7 0.395099 0.335868 0.014094 0.013919
7 0.394873 0.364277 0.014547 0.013833
7 0.471171 0.388032 0.011085 0.011673
7 0.478600 0.388740 0.011319 0.011911
7 0.462857 0.394107 0.008843 0.008492
7 0.442632 0.365451 0.013915 0.013442
7 0.456844 0.359259 0.009315 0.008611
7 0.480605 0.329542 0.014385 0.014269
7 0.534220 0.376245 0.013373 0.012278
7 0.548886 0.388934 0.013234 0.015010
7 0.542617 0.396710 0.012946 0.011462
7 0.524122 0.384704 0.013919 0.010645
7 0.550663 0.329277 0.014977 0.014613
7 0.607080 0.320944 0.015146 0.014871
7 0.622158 0.324423 0.015281 0.014461
7 0.620246 0.338340 0.016101 0.014464
7 0.729193 0.375584 0.017354 0.016987
7 0.769112 0.421931 0.017265 0.017090
7 0.716481 0.419464 0.016825 0.016382
7 0.686323 0.415385 0.016660 0.016121
7 0.285002 0.377697 0.015089 0.013839
7 0.277583 0.402057 0.013624 0.012599
7 0.263644 0.415106 0.013459 0.012394
7 0.240304 0.407660 0.013168 0.012755
7 0.251756 0.403580 0.013029 0.012001
7 0.224010 0.393915 0.016267 0.014597
7 0.201319 0.420613 0.015311 0.014679
7 0.128381 0.414167 0.013522 0.014034
7 0.138297 0.411605 0.013862 0.014871
7 0.096888 0.505541 0.018188 0.014501
7 0.099772 0.477707 0.013896 0.013641
7 0.109425 0.471868 0.014993 0.014008
7 0.124602 0.497553 0.014871 0.013274
7 0.117105 0.507631 0.013151 0.012781
7 0.145185 0.506647 0.011799 0.010324
7 0.233762 0.437935 0.015188 0.014554
7 0.236789 0.463267 0.014444 0.014021
7 0.251870 0.459496 0.014018 0.013700
7 0.597603 0.387660 0.016634 0.015334
7 0.347118 0.449061 0.015605 0.014319
7 0.374294 0.414319 0.015360 0.014193
7 0.523793 0.403403 0.013439 0.012275
7 0.481862 0.415162 0.013373 0.012619
7 0.454603 0.420339 0.014398 0.013099
7 0.569101 0.435040 0.014649 0.013776
7 0.540341 0.441159 0.014802 0.013727
7 0.161673 0.508261 0.015291 0.014947
7 0.475408 0.450141 0.014468 0.013647
7 0.468552 0.464438 0.012414 0.011931
7 0.457272 0.455111 0.011792 0.010698
7 0.452060 0.464608 0.012341 0.011591
7 0.432482 0.485605 0.015605 0.014597
7 0.096470 0.558497 0.012318 0.013171
7 0.112827 0.575172 0.016144 0.014656
7 0.133644 0.562427 0.015933 0.014868
7 0.165031 0.563702 0.016888 0.016571
7 0.246968 0.498504 0.015053 0.014137
7 0.264959 0.513328 0.014137 0.013495
7 0.295804 0.509105 0.014319 0.014044
7 0.305127 0.523199 0.012219 0.011187
7 0.301675 0.528395 0.013727 0.011584
7 0.363925 0.516065 0.014762 0.013810
7 0.572358 0.475364 0.015403 0.014339
7 0.625038 0.466868 0.015188 0.014339
7 0.615534 0.478604 0.013806 0.012745
7 0.650478 0.478125 0.015294 0.014127
7 0.611019 0.500962 0.015827 0.014339
7 0.771301 0.545706 0.014097 0.012774
7 0.719964 0.507713 0.015456 0.014315
7 0.725551 0.523361 0.014461 0.014144
7 0.761829 0.582455 0.012229 0.011214
7 0.786610 0.595364 0.013704 0.012745
7 0.638348 0.540390 0.015056 0.014504
7 0.603557 0.541447 0.016154 0.014964
7 0.604061 0.582434 0.015331 0.014504
7 0.769645 0.669997 0.012682 0.012149
7 0.447596 0.522024 0.014517 0.014597
7 0.477149 0.524127 0.014438 0.013089
7 0.477864 0.545428 0.014914 0.013489
7 0.500794 0.559631 0.015708 0.014600
7 0.529831 0.543366 0.016343 0.014755
7 0.411683 0.560256 0.011422 0.010962
7 0.405408 0.565020 0.012497 0.011885
7 0.359034 0.554754 0.011931 0.012001
7 0.368636 0.553690 0.010837 0.011382
7 0.379092 0.561609 0.012001 0.010903
7 0.623674 0.607718 0.013393 0.013095
7 0.631644 0.601386 0.010946 0.012070
7 0.639795 0.600460 0.012103 0.011739
7 0.678065 0.602875 0.014848 0.013277
7 0.132983 0.675291 0.014008 0.014378
7 0.155246 0.687998 0.015625 0.015671
7 0.174393 0.688108 0.014964 0.013591
7 0.161090 0.649082 0.016425 0.016075
7 0.288986 0.553029 0.015228 0.013770
7 0.292945 0.574454 0.015162 0.013776
7 0.334721 0.561830 0.014342 0.013105
7 0.332950 0.573428 0.012216 0.011511
7 0.254595 0.596516 0.016901 0.015235
7 0.268677 0.621151 0.016343 0.015152
7 0.240751 0.640390 0.017136 0.016025
7 0.171786 0.709142 0.016892 0.015466
7 0.205762 0.730737 0.017305 0.015172
7 0.217277 0.759608 0.017133 0.016247
7 0.412030 0.621802 0.013161 0.011177
7 0.413145 0.629666 0.009735 0.008776
7 0.377543 0.579249 0.012731 0.011806
7 0.389266 0.586194 0.011706 0.011078
7 0.375504 0.622419 0.013469 0.012781
7 0.389605 0.611706 0.013581 0.013313
7 0.431319 0.618350 0.014081 0.013697
7 0.371513 0.647811 0.014395 0.013267
7 0.632631 0.633143 0.013522 0.013370
7 0.643540 0.645154 0.012907 0.012497
7 0.665283 0.634858 0.013165 0.011984
7 0.698196 0.694272 0.012860 0.013095
7 0.674193 0.684668 0.013571 0.013330
7 0.269201 0.798203 0.018059 0.017345
7 0.265646 0.761518 0.016353 0.014220
7 0.286685 0.744840 0.016366 0.014792
7 0.332667 0.773507 0.017397 0.016518
7 0.328223 0.708467 0.016002 0.014699
7 0.349433 0.738970 0.015188 0.013806
7 0.357505 0.760106 0.015612 0.014021
7 0.368201 0.681481 0.014127 0.012950
7 0.394914 0.680681 0.013810 0.012639
7 0.358011 0.839878 0.016822 0.017295
7 0.403598 0.876062 0.015522 0.017877
7 0.417684 0.874907 0.017054 0.016290
7 0.413894 0.862564 0.015929 0.013112
7 0.366305 0.819284 0.015360 0.014011
7 0.385046 0.816457 0.014993 0.014256
7 0.395308 0.823155 0.014378 0.013393
7 0.385757 0.713550 0.014239 0.013575
7 0.398778 0.703552 0.014395 0.013161
7 0.632594 0.858292 0.016491 0.015923
7 0.654704 0.818977 0.017774 0.018628
7 0.487135 0.871893 0.018264 0.016286
7 0.529745 0.880200 0.018261 0.015466
7 0.517044 0.835443 0.016958 0.014993
7 0.660536 0.746630 0.015046 0.014649
7 0.430615 0.760800 0.015238 0.015238
7 0.485890 0.789570 0.015840 0.014815
7 0.551944 0.790521 0.016528 0.015764
7 0.517204 0.766343 0.014950 0.014881
7 0.597803 0.732373 0.016088 0.015572
7 0.435908 0.670471 0.014461 0.014044
7 0.457741 0.646207 0.014233 0.013161
7 0.532378 0.677207 0.015979 0.013991
7 0.489620 0.681946 0.014438 0.013647
7 0.480812 0.714514 0.015552 0.014517
7 0.516832 0.701186 0.014279 0.013727
7 0.551233 0.725741 0.015880 0.014504
7 0.543064 0.699762 0.014044 0.012487
7 0.564015 0.693553 0.014656 0.014124
7 0.588763 0.657918 0.014021 0.013171
7 0.576238 0.644069 0.013495 0.013218
7 0.559028 0.664401 0.013770 0.012943
7 0.547093 0.647006 0.013770 0.013403
7 0.532450 0.646271 0.014597 0.014137
