2 0.425908 0.778406 0.066710 0.073750
2 0.277399 0.712531 0.075427 0.069395
2 0.220744 0.572068 0.070734 0.071405
2 0.175656 0.611627 0.063694 0.076098
2 0.230230 0.434573 0.058323 0.067751
2 0.238110 0.366539 0.091518 0.069058
2 0.703649 0.437675 0.058667 0.074755
2 0.855845 0.463304 0.061346 0.068419
2 0.798854 0.434993 0.057325 0.054643
2 0.813861 0.312920 0.062060 0.061283
2 0.855174 0.380351 0.053304 0.055985
2 0.758396 0.275491 0.058181 0.073310
2 0.718638 0.171348 0.063221 0.054302
2 0.684699 0.289649 0.058181 0.073697
2 0.397652 0.297019 0.056667 0.075248
2 0.364701 0.258424 0.048872 0.070208
2 0.541186 0.259588 0.067490 0.063224
2 0.458375 0.212655 0.070982 0.080291
2 0.356362 0.095322 0.065549 0.064388
2 0.525281 0.142255 0.052751 0.055853
2 0.624578 0.124802 0.054302 0.057407
2 0.321262 0.207806 0.054302 0.054302
2 0.497556 0.461728 0.074775 0.072695
2 0.383320 0.512616 0.065423 0.085159
2 0.393705 0.615947 0.068542 0.075810
2 0.492622 0.599330 0.072176 0.069580
2 0.823662 0.580283 0.065704 0.068390
2 0.737171 0.617325 0.065704 0.088836
2 0.840926 0.690742 0.064702 0.064699
2 0.737004 0.752593 0.065370 0.063022
2 0.514577 0.809917 0.071071 0.072407
