5 0.299135 0.558089 0.019851 0.018016
5 0.283163 0.539653 0.018462 0.018380
5 0.589000 0.452612 0.022345 0.022817
5 0.544504 0.676987 0.022857 0.022857
5 0.605109 0.694003 0.021310 0.020797
5 0.447703 0.886627 0.015784 0.014683
5 0.622320 0.662503 0.020182 0.018644
5 0.597963 0.642859 0.021362 0.020850
5 0.664277 0.630637 0.019706 0.019858
5 0.714322 0.537338 0.022996 0.022579
5 0.687606 0.401811 0.022130 0.021412
5 0.581729 0.574482 0.022579 0.021915
5 0.583935 0.344506 0.022903 0.022834
5 0.538793 0.860815 0.023049 0.023681
5 0.513376 0.893575 0.018313 0.019101
5 0.541318 0.335625 0.022834 0.022216
5 0.413929 0.320258 0.021429 0.021382
5 0.513135 0.266751 0.022956 0.021505
5 0.561951 0.234038 0.022487 0.021065
5 0.450908 0.221009 0.021114 0.020840
5 0.432731 0.211324 0.022765 0.022583
5 0.334818 0.269177 0.019874 0.019669
5 0.371407 0.362685 0.021194 0.022454
5 0.360146 0.355899 0.021025 0.020628
5 0.225642 0.563211 0.020231 0.019683
5 0.277402 0.670688 0.021101 0.020390
5 0.385069 0.737163 0.020271 0.020093
5 0.345627 0.765046 0.018667 0.019676
5 0.723993 0.331693 0.022179 0.021462
5 0.753393 0.323618 0.020926 0.020489
5 0.739692 0.305195 0.020926 0.020390
5 0.696199 0.274818 0.024216 0.021667
5 0.652173 0.260479 0.023472 0.021455
5 0.665822 0.240618 0.024428 0.025489
5 0.786997 0.422019 0.021938 0.020288
5 0.770337 0.415638 0.022765 0.021845
5 0.809691 0.492912 0.022166 0.020618
5 0.798757 0.507727 0.023175 0.019917
5 0.675671 0.714587 0.022817 0.022222
5 0.454314 0.843471 0.018727 0.017993
5 0.440451 0.825020 0.019276 0.018909
5 0.372201 0.832364 0.017900 0.017255
5 0.203568 0.652718 0.018353 0.018155
5 0.208811 0.439893 0.018390 0.018542
5 0.192088 0.426038 0.018952 0.018492
5 0.257498 0.351834 0.017827 0.018132
5 0.235238 0.369405 0.017262 0.016733
5 0.212520 0.374150 0.017989 0.016634
5 0.190165 0.378879 0.016733 0.016898
5 0.203576 0.342247 0.017087 0.016161
5 0.277589 0.319909 0.018565 0.017788
5 0.251558 0.304555 0.017421 0.017411
5 0.250974 0.281298 0.017523 0.015083
5 0.251558 0.267915 0.017421 0.015294
5 0.249699 0.246991 0.018373 0.017421
5 0.713056 0.689691 0.020562 0.017900
5 0.720124 0.676334 0.017808 0.017259
5 0.702454 0.661078 0.017870 0.017136
5 0.694053 0.648623 0.017854 0.016981
5 0.705435 0.642037 0.016829 0.014914
5 0.694871 0.612105 0.019888 0.017278
5 0.717121 0.629314 0.019269 0.019891
5 0.719785 0.773328 0.023525 0.021729
5 0.693178 0.791811 0.023657 0.022629
5 0.728390 0.803467 0.021944 0.024137
5 0.761233 0.799653 0.020721 0.019411
5 0.770122 0.785253 0.020728 0.019243
5 0.764279 0.717538 0.015066 0.012794
5 0.756882 0.706591 0.017348 0.017917
5 0.774301 0.706946 0.019196 0.018628
5 0.862331 0.593108 0.022467 0.021329
5 0.884821 0.448953 0.019061 0.017073
5 0.885301 0.574213 0.019663 0.020893
5 0.890618 0.465235 0.016534 0.016052
5 0.558332 0.460732 0.021690 0.020208
5 0.519537 0.509795 0.022374 0.021343
5 0.430718 0.474291 0.020231 0.021577
5 0.286868 0.505865 0.020622 0.019507
5 0.341496 0.507723 0.020711 0.020228
5 0.410119 0.632110 0.018452 0.018452
5 0.489125 0.543671 0.022133 0.021250
5 0.463803 0.562860 0.020893 0.019967
5 0.449011 0.603819 0.019676 0.018981
5 0.482427 0.606052 0.019577 0.019345
5 0.379438 0.702436 0.020053 0.019964
5 0.385787 0.656171 0.019616 0.019874
5 0.425587 0.649180 0.018595 0.019206
5 0.440569 0.658553 0.019874 0.020030
5 0.448099 0.898942 0.017209 0.015946
5 0.869598 0.435617 0.020433 0.020162
5 0.886090 0.424816 0.017212 0.019408
5 0.840435 0.396908 0.021121 0.020093
5 0.840709 0.378909 0.022768 0.020708
5 0.797055 0.263542 0.019104 0.018737
5 0.780352 0.262354 0.022034 0.022216
5 0.753730 0.213380 0.020562 0.020106
5 0.683500 0.164664 0.021260 0.020155
5 0.647862 0.164049 0.022979 0.024084
5 0.607001 0.151637 0.022368 0.021627
5 0.476804 0.135903 0.020076 0.018161
5 0.481425 0.127670 0.019755 0.018905
5 0.333904 0.194532 0.020711 0.020711
5 0.312239 0.164208 0.017950 0.016782
5 0.294765 0.197665 0.019755 0.020820
5 0.128429 0.478732 0.018909 0.018727
5 0.157140 0.638690 0.019120 0.019676
5 0.177829 0.663067 0.015222 0.015704
5 0.184236 0.669033 0.013929 0.014058
5 0.185848 0.678596 0.014130 0.013171
5 0.181189 0.684527 0.014124 0.014339
5 0.153664 0.729709 0.014378 0.017083
5 0.310860 0.824492 0.018902 0.020142
5 0.301098 0.817852 0.019127 0.019878
5 0.402546 0.857378 0.019114 0.017725
5 0.353993 0.857631 0.018277 0.019342
5 0.733509 0.839304 0.016257 0.014064
5 0.691040 0.870081 0.013151 0.013151
5 0.518666 0.862080 0.018786 0.018313
5 0.700595 0.626364 0.018446 0.018932
5 0.294712 0.574410 0.019623 0.018965
