2 0.243839 0.715645 0.058340 0.078089
2 0.382738 0.592679 0.056997 0.064623
2 0.642135 0.499107 0.072252 0.072255
2 0.518542 0.397300 0.071852 0.065142
2 0.275126 0.504129 0.072870 0.066108
2 0.365274 0.455423 0.063856 0.065357
2 0.337444 0.335701 0.070417 0.086052
2 0.453768 0.283113 0.068376 0.088079
2 0.619497 0.299049 0.075331 0.065479
2 0.732350 0.201119 0.080837 0.079970
2 0.630506 0.139696 0.069537 0.071276
2 0.383363 0.158528 0.074749 0.081124
2 0.273690 0.601655 0.055185 0.066419
2 0.191556 0.580561 0.060585 0.057444
2 0.875503 0.457594 0.065073 0.066419
2 0.825911 0.344276 0.072702 0.083922
2 0.572968 0.770030 0.070294 0.069689
2 0.680954 0.667626 0.058343 0.061931
2 0.770711 0.680640 0.072705 0.066419
2 0.509744 0.632171 0.067768 0.064626
2 0.348181 0.740554 0.071356 0.076743
