8 0.395724 0.631690 0.022090 0.022526
8 0.410837 0.684506 0.024484 0.023647
8 0.702217 0.648681 0.023065 0.024101
8 0.484702 0.736935 0.021997 0.021739
8 0.154253 0.529459 0.026481 0.025532
8 0.104139 0.448047 0.025122 0.024005
8 0.169221 0.288330 0.025718 0.025946
8 0.197424 0.395197 0.025198 0.025050
8 0.298216 0.251696 0.025274 0.023115
8 0.281830 0.218094 0.024765 0.023535
8 0.319649 0.167488 0.024325 0.023555
8 0.379957 0.259200 0.024874 0.024127
8 0.419008 0.142254 0.025840 0.024726
8 0.502042 0.248930 0.025645 0.024229
8 0.660904 0.177880 0.025579 0.024742
8 0.746776 0.223490 0.026310 0.025188
8 0.882487 0.456119 0.024008 0.023112
8 0.864163 0.411296 0.023889 0.022440
8 0.844077 0.434611 0.023558 0.022662
8 0.806321 0.374281 0.024659 0.023892
8 0.797462 0.464026 0.023112 0.023442
8 0.604563 0.243995 0.025397 0.024550
8 0.647736 0.336734 0.024653 0.022953
8 0.825276 0.695569 0.024355 0.025258
8 0.806177 0.795301 0.024749 0.024974
8 0.638791 0.799195 0.025188 0.025017
8 0.523436 0.737063 0.018988 0.019669
8 0.515159 0.746505 0.020357 0.021144
8 0.131883 0.704431 0.025255 0.022751
8 0.214137 0.814196 0.017976 0.017983
8 0.203538 0.803376 0.018684 0.018234
8 0.458843 0.922705 0.025966 0.023287
8 0.752740 0.859486 0.020460 0.016968
8 0.922179 0.630035 0.018168 0.021108
8 0.911334 0.350926 0.019659 0.021257
8 0.837750 0.213819 0.016769 0.017566
8 0.475281 0.065696 0.023056 0.015916
8 0.641179 0.387065 0.025949 0.023952
8 0.624484 0.520627 0.023452 0.023429
8 0.580129 0.546237 0.024907 0.024570
8 0.484540 0.518284 0.023056 0.022956
8 0.534921 0.483897 0.024980 0.023297
8 0.484492 0.478433 0.025003 0.024054
8 0.437748 0.395051 0.026118 0.023833
8 0.380835 0.553856 0.023892 0.023499
8 0.435294 0.610827 0.023902 0.024358
8 0.524735 0.658194 0.024378 0.025496
8 0.591422 0.671233 0.025496 0.024451
8 0.683700 0.600904 0.025000 0.024613
8 0.310218 0.426467 0.025582 0.024613
8 0.312507 0.511310 0.024008 0.024153
8 0.269529 0.499306 0.023634 0.023261
8 0.263459 0.553937 0.025271 0.025122
8 0.350521 0.600860 0.024547 0.024226
8 0.778833 0.695648 0.024848 0.024451
8 0.479544 0.783299 0.025496 0.024752
8 0.386761 0.776002 0.024064 0.024788
8 0.265847 0.766053 0.025060 0.024110
8 0.508810 0.725891 0.020873 0.019315
8 0.743229 0.648552 0.024289 0.023585
