0 0.687235 0.273323 0.081839 0.070708
0 0.542707 0.286417 0.111630 0.104097
0 0.442207 0.290344 0.107047 0.094934
0 0.281814 0.281157 0.084144 0.078882
0 0.510752 0.592396 0.096412 0.099044
0 0.705398 0.771311 0.104428 0.108595
0 0.735319 0.723234 0.109124 0.114405
0 0.828601 0.684777 0.096217 0.122087
0 0.831242 0.575096 0.124964 0.136111
0 0.678413 0.528748 0.102083 0.096214
0 0.613289 0.414347 0.095043 0.106776
0 0.851189 0.335144 0.113231 0.131419
0 0.722098 0.167586 0.120142 0.095589
0 0.673322 0.321101 0.085440 0.070086
0 0.643796 0.834382 0.116164 0.136171
0 0.472822 0.745780 0.100400 0.106931
0 0.613717 0.605324 0.085060 0.076693
0 0.581748 0.637513 0.087649 0.085939
0 0.196381 0.415129 0.110043 0.112189
0 0.340780 0.418634 0.109603 0.090278
0 0.370822 0.522497 0.120519 0.112189
0 0.293669 0.635322 0.127569 0.118806
