2 0.836009 0.577994 0.032970 0.036075
2 0.616394 0.474588 0.050036 0.054302
2 0.644709 0.486417 0.039173 0.041505
2 0.413729 0.509689 0.043442 0.046157
2 0.387159 0.615192 0.048485 0.049259
2 0.240742 0.692040 0.069560 0.069114
2 0.234463 0.803793 0.056095 0.052070
2 0.371789 0.786733 0.068664 0.069114
2 0.408356 0.809173 0.051144 0.051164
2 0.717786 0.693543 0.078350 0.077960
2 0.794196 0.507945 0.071369 0.074474
2 0.696065 0.575046 0.052751 0.050423
2 0.513375 0.539750 0.035685 0.036458
2 0.544016 0.558563 0.038013 0.034521
2 0.547897 0.604137 0.044993 0.044220
2 0.557979 0.511047 0.045767 0.045771
2 0.640453 0.305276 0.034557 0.037814
2 0.283611 0.311984 0.037659 0.038089
2 0.416463 0.309066 0.047530 0.046399
2 0.218183 0.188796 0.031551 0.028571
2 0.632766 0.179737 0.044329 0.044911
2 0.720997 0.202626 0.043449 0.044907
2 0.592540 0.254663 0.055853 0.055853
2 0.636951 0.240698 0.038399 0.040337
2 0.758937 0.267849 0.059732 0.058958
2 0.589825 0.320213 0.050423 0.045771
2 0.525632 0.344067 0.052361 0.052361
2 0.717047 0.401667 0.061283 0.062837
2 0.749630 0.411169 0.042665 0.046935
2 0.382118 0.449182 0.050810 0.050810
2 0.477341 0.444721 0.050423 0.056630
2 0.512637 0.480987 0.048872 0.048482
