9 0.263633 0.674598 0.032411 0.032080
9 0.490329 0.721443 0.027497 0.027497
9 0.475597 0.735028 0.022259 0.020625
9 0.437297 0.798356 0.032080 0.034735
9 0.325339 0.727303 0.034044 0.034044
9 0.404888 0.646478 0.030774 0.029464
9 0.803317 0.422073 0.045503 0.044848
9 0.727042 0.377913 0.042556 0.041574
9 0.717384 0.264484 0.037646 0.036012
9 0.622123 0.208343 0.037646 0.035681
9 0.557960 0.267594 0.038300 0.034375
9 0.488725 0.183626 0.040592 0.036009
9 0.467609 0.264648 0.034372 0.033720
9 0.493545 0.387622 0.039299 0.034544
9 0.606640 0.368224 0.046812 0.045503
9 0.603783 0.473866 0.039769 0.039392
9 0.741275 0.509092 0.035982 0.037874
9 0.799793 0.567611 0.041663 0.040526
9 0.730289 0.618555 0.037497 0.040906
9 0.665142 0.590904 0.038254 0.038634
9 0.580680 0.612305 0.032953 0.032196
9 0.364640 0.294463 0.039550 0.038535
9 0.323062 0.402214 0.033466 0.032960
9 0.223930 0.447088 0.029917 0.028396
9 0.352184 0.499102 0.025532 0.028482
9 0.466104 0.537566 0.027500 0.027500
9 0.621926 0.740888 0.029461 0.029792
