8 0.569469 0.455236 0.024593 0.023800
8 0.449970 0.519084 0.025317 0.024702
8 0.527564 0.522963 0.024825 0.024411
8 0.516311 0.586639 0.024785 0.024878
8 0.471238 0.583241 0.024970 0.025794
8 0.581792 0.384233 0.022341 0.021812
8 0.571366 0.326660 0.021898 0.020946
8 0.440947 0.326918 0.023231 0.022553
8 0.367746 0.334461 0.023231 0.021336
8 0.335526 0.372068 0.023684 0.021941
8 0.296321 0.328016 0.023409 0.021872
8 0.250934 0.350169 0.023932 0.023452
8 0.248730 0.420584 0.023512 0.023356
8 0.286520 0.444058 0.025109 0.024411
8 0.297240 0.535623 0.026498 0.025863
8 0.308380 0.576642 0.026819 0.026657
8 0.661592 0.476295 0.023469 0.023528
8 0.699582 0.518914 0.026432 0.025863
8 0.684082 0.565121 0.025149 0.024593
8 0.657369 0.652219 0.025704 0.025245
8 0.484945 0.664983 0.025407 0.025357
8 0.735324 0.656159 0.024577 0.023350
8 0.745779 0.603955 0.025427 0.024960
8 0.787636 0.485549 0.025370 0.024960
8 0.758550 0.385574 0.025493 0.024223
8 0.738575 0.347867 0.024206 0.023155
8 0.774901 0.324711 0.024206 0.024005
8 0.667695 0.710227 0.025152 0.025519
8 0.209982 0.399664 0.023317 0.023588
8 0.707705 0.742426 0.026025 0.025916
8 0.518814 0.749304 0.027999 0.026524
8 0.211701 0.510861 0.024216 0.024005
8 0.196725 0.548036 0.025281 0.025489
8 0.177366 0.364893 0.024038 0.023403
8 0.189124 0.315972 0.025245 0.024418
8 0.450380 0.247431 0.023565 0.021184
8 0.348952 0.224967 0.023843 0.021872
8 0.563639 0.236058 0.021928 0.022222
8 0.677594 0.176862 0.020188 0.019345
8 0.354079 0.181688 0.023462 0.023019
8 0.418337 0.135847 0.023254 0.021845
8 0.519024 0.113699 0.021845 0.021452
8 0.468833 0.142822 0.020602 0.019977
8 0.486815 0.156887 0.019874 0.019977
8 0.503479 0.179972 0.021402 0.020486
8 0.467143 0.192305 0.015390 0.014372
8 0.539241 0.829625 0.025757 0.025704
8 0.487586 0.895308 0.026329 0.026157
8 0.409354 0.867693 0.026663 0.026584
8 0.308566 0.839268 0.026452 0.026319
8 0.087366 0.564162 0.027212 0.024970
8 0.586121 0.262436 0.020728 0.020989
8 0.604347 0.256574 0.021518 0.021376
8 0.193975 0.651121 0.024788 0.023340
8 0.187361 0.670074 0.025172 0.023145
8 0.940422 0.603695 0.021452 0.023555
8 0.261152 0.158644 0.023257 0.022196
8 0.599061 0.079517 0.020873 0.014623
8 0.064709 0.414251 0.016614 0.021187
8 0.891811 0.307121 0.017735 0.017603
8 0.877688 0.315104 0.022242 0.021286
8 0.719215 0.131467 0.022523 0.021505
8 0.698729 0.113988 0.017021 0.016104
8 0.512336 0.391701 0.024673 0.022450
8 0.445018 0.392455 0.025228 0.024117
