4 0.347024 0.400551 0.025000 0.023112
4 0.056477 0.503614 0.015215 0.020079
4 0.087052 0.493133 0.017226 0.019263
4 0.098036 0.534545 0.024471 0.023363
4 0.108509 0.624881 0.024491 0.022903
4 0.305367 0.887477 0.020060 0.017738
4 0.424137 0.926561 0.016343 0.011495
4 0.805260 0.786734 0.016207 0.018323
4 0.849410 0.682606 0.020612 0.020086
4 0.875526 0.587682 0.022295 0.021991
4 0.823185 0.294145 0.025589 0.024058
4 0.770422 0.231088 0.022239 0.021832
4 0.732735 0.209120 0.021462 0.020284
4 0.642138 0.115704 0.021756 0.022110
4 0.561435 0.876744 0.024292 0.023938
4 0.704588 0.819028 0.024289 0.022659
4 0.146354 0.473856 0.022841 0.023069
4 0.194583 0.458553 0.021700 0.020327
4 0.347601 0.463016 0.017808 0.017216
4 0.360980 0.471263 0.019825 0.019352
4 0.374843 0.441493 0.022054 0.020400
4 0.419595 0.460184 0.021935 0.021227
4 0.468988 0.459332 0.022606 0.021878
4 0.606154 0.426887 0.023750 0.022219
4 0.680397 0.457006 0.017831 0.017583
4 0.697252 0.442771 0.025337 0.023221
4 0.723831 0.427809 0.020327 0.018575
4 0.763912 0.447199 0.023962 0.019206
4 0.766242 0.456400 0.019831 0.017715
4 0.776949 0.436452 0.021141 0.019378
4 0.841316 0.456789 0.023135 0.022116
4 0.512379 0.602793 0.018945 0.020050
4 0.534195 0.638581 0.020281 0.018750
4 0.522679 0.663603 0.024306 0.020923
4 0.496777 0.689089 0.017688 0.014977
4 0.496063 0.702469 0.019825 0.018409
4 0.496599 0.774707 0.021227 0.019124
4 0.469415 0.534770 0.019921 0.020195
4 0.560341 0.843715 0.020403 0.019263
4 0.492660 0.363228 0.024058 0.022996
4 0.477920 0.346835 0.021462 0.020873
4 0.451860 0.338580 0.025235 0.023700
4 0.431510 0.388694 0.024150 0.023194
4 0.458340 0.289046 0.022136 0.020506
4 0.464309 0.237419 0.023525 0.023839
4 0.447733 0.174430 0.024785 0.023522
4 0.418857 0.560324 0.025103 0.023049
4 0.348047 0.611751 0.017192 0.015962
4 0.340951 0.614411 0.019375 0.019101
4 0.327146 0.665359 0.022103 0.021187
4 0.371258 0.637262 0.020995 0.019365
4 0.333922 0.745384 0.021700 0.021561
4 0.322895 0.771166 0.021346 0.020400
4 0.411014 0.618621 0.018118 0.016825
4 0.611721 0.562090 0.024765 0.022063
4 0.625458 0.596873 0.024646 0.023231
4 0.683137 0.646270 0.019263 0.018651
4 0.682371 0.676695 0.022421 0.020995
4 0.722834 0.680668 0.022626 0.020384
4 0.615805 0.347189 0.019448 0.018988
4 0.627047 0.265185 0.023604 0.023333
4 0.656462 0.240253 0.020086 0.019732
4 0.665751 0.236202 0.020886 0.021141
4 0.659456 0.217571 0.022728 0.021756
4 0.601424 0.237169 0.017087 0.016296
4 0.502999 0.237303 0.023234 0.022424
4 0.319724 0.395124 0.021108 0.019812
4 0.325384 0.359807 0.024881 0.023938
4 0.299795 0.354678 0.022288 0.021227
4 0.192500 0.328236 0.026779 0.025281
4 0.440314 0.723171 0.021700 0.020873
4 0.396690 0.719521 0.024544 0.022533
4 0.202039 0.530131 0.022649 0.020876
4 0.181435 0.557148 0.021561 0.020876
4 0.206404 0.559261 0.022649 0.021558
4 0.236763 0.581434 0.023876 0.022239
4 0.284654 0.557827 0.022788 0.021422
4 0.304372 0.536407 0.025377 0.021419
4 0.316415 0.417836 0.021495 0.019653
4 0.255723 0.409021 0.021670 0.017705
4 0.260165 0.423380 0.021587 0.021230
4 0.362695 0.569626 0.019563 0.020820
4 0.369575 0.558170 0.017067 0.016776
4 0.401184 0.536620 0.020516 0.019683
4 0.604200 0.711956 0.024411 0.023006
4 0.668300 0.717971 0.021462 0.020400
4 0.691941 0.710837 0.023459 0.022169
4 0.645728 0.819848 0.023294 0.022044
4 0.573487 0.129851 0.025942 0.023585
4 0.536635 0.168118 0.020400 0.019458
4 0.556860 0.183449 0.022404 0.021581
4 0.566825 0.213578 0.023704 0.021700
4 0.591825 0.204970 0.022288 0.021700
4 0.614054 0.222128 0.020992 0.019223
4 0.616943 0.198720 0.021108 0.020284
4 0.638700 0.186278 0.023585 0.022523
4 0.530422 0.321987 0.021465 0.019927
4 0.540499 0.320749 0.020648 0.020281
4 0.505646 0.307335 0.024487 0.023730
4 0.554137 0.296002 0.025026 0.024478
4 0.635050 0.378646 0.024054 0.023237
4 0.639208 0.338929 0.020790 0.020079
4 0.736759 0.249487 0.023439 0.022454
4 0.351877 0.353798 0.022609 0.022021
4 0.360233 0.308633 0.025069 0.024084
4 0.367217 0.252943 0.026610 0.024147
4 0.237860 0.228366 0.025827 0.025119
4 0.769959 0.481422 0.022417 0.021468
4 0.821900 0.526336 0.024626 0.024153
4 0.730651 0.530756 0.020840 0.020367
4 0.764592 0.563672 0.023681 0.023363
4 0.800351 0.579380 0.020681 0.019732
4 0.850837 0.595769 0.022626 0.022728
4 0.827903 0.613452 0.021812 0.020794
4 0.777092 0.658021 0.017510 0.016445
4 0.716364 0.620283 0.021042 0.020473
4 0.692110 0.626227 0.019392 0.019848
4 0.696642 0.582110 0.020387 0.019160
4 0.500551 0.639066 0.016630 0.015096
4 0.467120 0.625918 0.021700 0.020638
4 0.476199 0.647616 0.018634 0.018512
4 0.484388 0.657928 0.020648 0.020532
4 0.451139 0.660797 0.022523 0.021660
4 0.408267 0.649888 0.020172 0.020589
4 0.396329 0.843891 0.022996 0.022523
4 0.454180 0.829268 0.022659 0.021108
4 0.475928 0.782923 0.019692 0.019220
4 0.442791 0.766119 0.020635 0.018634
4 0.449630 0.792123 0.021581 0.020873
4 0.411953 0.786113 0.021935 0.020413
