4 0.838576 0.332814 0.020532 0.020661
4 0.458209 0.453742 0.017662 0.016445
4 0.466432 0.468206 0.019947 0.018423
4 0.524211 0.493904 0.018892 0.017510
4 0.509838 0.487624 0.018029 0.017834
4 0.518866 0.441409 0.017665 0.017282
4 0.536756 0.445327 0.020708 0.019947
4 0.557014 0.482138 0.021025 0.020175
4 0.572474 0.392859 0.019147 0.018819
4 0.567341 0.374236 0.020992 0.019345
4 0.592181 0.373218 0.019871 0.019279
4 0.556746 0.362459 0.016911 0.016055
4 0.478844 0.411443 0.019468 0.019772
4 0.477102 0.378313 0.020056 0.019557
4 0.467123 0.385149 0.019061 0.017533
4 0.430789 0.367312 0.020790 0.020384
4 0.454332 0.316402 0.021607 0.021098
4 0.555608 0.319349 0.016548 0.016263
4 0.551771 0.302429 0.019904 0.019620
4 0.643218 0.357581 0.018677 0.019071
4 0.631528 0.415322 0.019081 0.017391
4 0.615005 0.427207 0.019990 0.020056
4 0.598664 0.457483 0.020172 0.019114
4 0.629798 0.467042 0.019193 0.019024
4 0.598517 0.529390 0.019606 0.018958
4 0.577789 0.516100 0.017371 0.017642
4 0.378705 0.444992 0.024474 0.023952
4 0.386567 0.468022 0.019940 0.018294
4 0.407578 0.502412 0.019620 0.018879
4 0.468178 0.534666 0.020794 0.020351
4 0.491625 0.561448 0.018198 0.016720
4 0.459038 0.575041 0.020132 0.019792
4 0.694430 0.374091 0.020479 0.018882
4 0.675281 0.377745 0.019795 0.020708
4 0.676612 0.481657 0.020691 0.019365
4 0.640481 0.503366 0.018753 0.017937
4 0.687619 0.514577 0.019061 0.018142
4 0.641346 0.529764 0.019874 0.018548
4 0.657479 0.324110 0.019997 0.019907
4 0.628014 0.293323 0.015678 0.015767
4 0.628277 0.279008 0.019378 0.019028
4 0.599957 0.284337 0.020172 0.020347
4 0.739853 0.459557 0.018284 0.017877
4 0.747971 0.440112 0.014871 0.013644
4 0.779899 0.446930 0.022239 0.020724
4 0.751792 0.484253 0.017328 0.016508
4 0.740944 0.521913 0.020737 0.020876
4 0.219329 0.504408 0.010304 0.009954
4 0.341171 0.532007 0.020384 0.019669
4 0.354368 0.558304 0.021098 0.018856
4 0.306567 0.576394 0.021303 0.020790
4 0.380714 0.568748 0.020384 0.018753
4 0.363745 0.595605 0.019468 0.018446
4 0.356253 0.614613 0.020589 0.020589
4 0.400079 0.648505 0.017989 0.017989
4 0.460789 0.662968 0.020069 0.018886
4 0.454704 0.684550 0.020003 0.017831
4 0.465231 0.700638 0.018948 0.016978
4 0.603279 0.553140 0.019891 0.017841
4 0.575810 0.590160 0.017996 0.017682
4 0.614962 0.582662 0.019573 0.019418
4 0.637852 0.616447 0.017364 0.016260
4 0.610227 0.624497 0.020208 0.019101
4 0.551815 0.596397 0.013261 0.011842
4 0.553629 0.613920 0.021630 0.020050
4 0.549289 0.635627 0.015470 0.014838
4 0.672693 0.621290 0.018396 0.017216
4 0.692388 0.596526 0.020046 0.020050
4 0.718743 0.587388 0.018988 0.018042
4 0.736493 0.595818 0.021227 0.020050
4 0.676318 0.675942 0.020532 0.019378
4 0.635263 0.689549 0.017530 0.016657
4 0.627874 0.682285 0.016825 0.015681
4 0.613975 0.711291 0.016607 0.015982
4 0.589777 0.700202 0.019620 0.018710
4 0.577718 0.708588 0.018294 0.016779
4 0.512682 0.729109 0.022288 0.020638
4 0.584626 0.747123 0.018294 0.017103
4 0.552981 0.746334 0.017364 0.016577
4 0.307196 0.633360 0.017090 0.016032
4 0.361858 0.686458 0.020661 0.020463
4 0.328466 0.700508 0.022176 0.020923
4 0.370253 0.349058 0.021849 0.020860
4 0.317761 0.378958 0.018935 0.019392
4 0.309583 0.331019 0.018856 0.017632
4 0.327879 0.321488 0.019772 0.019570
4 0.297354 0.302634 0.018446 0.016716
4 0.352035 0.292594 0.017530 0.015797
4 0.427821 0.273067 0.019577 0.019223
4 0.468381 0.266399 0.018409 0.018175
4 0.460311 0.261629 0.018750 0.018515
4 0.526777 0.236710 0.022014 0.021098
4 0.818684 0.513813 0.021885 0.020093
4 0.839058 0.494367 0.020364 0.020208
4 0.835220 0.428715 0.019871 0.019263
4 0.821419 0.383872 0.020602 0.019101
4 0.796382 0.334342 0.019649 0.019101
4 0.730617 0.308419 0.023740 0.024015
4 0.791549 0.294221 0.018145 0.017616
4 0.737111 0.267530 0.019554 0.019028
4 0.813122 0.281219 0.018234 0.016736
4 0.113803 0.658062 0.014127 0.014742
4 0.098067 0.629605 0.011452 0.012272
4 0.100124 0.615103 0.015294 0.014537
4 0.101290 0.590622 0.017758 0.017553
4 0.093644 0.574747 0.017553 0.018171
4 0.099861 0.532440 0.019187 0.017903
4 0.098300 0.486863 0.018638 0.017993
4 0.083841 0.482364 0.010466 0.011382
4 0.072642 0.467356 0.008631 0.012391
4 0.084034 0.428745 0.014504 0.017629
4 0.100415 0.343558 0.010665 0.013082
4 0.113853 0.327989 0.017063 0.016065
4 0.164995 0.263763 0.014011 0.014623
4 0.179985 0.233588 0.019659 0.020390
4 0.215322 0.182429 0.016505 0.016425
4 0.310021 0.147039 0.016888 0.014871
4 0.315699 0.154739 0.020830 0.019649
4 0.317563 0.121971 0.016250 0.017632
4 0.342151 0.109173 0.019329 0.019226
4 0.428778 0.079279 0.018462 0.016250
4 0.448239 0.084190 0.017523 0.017626
4 0.460494 0.075379 0.018535 0.015056
4 0.509458 0.071520 0.020073 0.019011
4 0.678805 0.146381 0.018271 0.017100
4 0.691434 0.114769 0.016194 0.014630
4 0.708004 0.129456 0.017450 0.015976
4 0.678512 0.172406 0.017698 0.017821
4 0.691601 0.167060 0.018558 0.019418
4 0.705119 0.191146 0.017328 0.018925
4 0.820746 0.226020 0.015764 0.015036
4 0.718113 0.183722 0.017067 0.016888
4 0.721667 0.190448 0.018142 0.019441
4 0.786637 0.173623 0.017771 0.018356
4 0.840152 0.284458 0.021561 0.021455
4 0.798730 0.246804 0.020926 0.019864
4 0.894229 0.357212 0.017533 0.016025
4 0.884079 0.393011 0.018019 0.015671
4 0.889049 0.674051 0.014745 0.016839
4 0.805053 0.716265 0.022983 0.023839
4 0.737720 0.841065 0.019646 0.018360
4 0.504024 0.874124 0.020589 0.022493
4 0.271075 0.845268 0.016343 0.015152
4 0.277500 0.826663 0.020628 0.019200
4 0.236759 0.812341 0.018327 0.018803
4 0.153271 0.734185 0.015946 0.016505
4 0.199408 0.756559 0.019200 0.019362
4 0.111862 0.353264 0.013459 0.010536
4 0.117351 0.362161 0.016647 0.016121
4 0.129739 0.380544 0.017672 0.016134
4 0.134220 0.401981 0.018644 0.017004
4 0.173029 0.445018 0.016852 0.015572
4 0.168497 0.449884 0.016286 0.016290
4 0.147932 0.473781 0.019203 0.017305
4 0.193353 0.351268 0.019471 0.018912
4 0.178715 0.347366 0.015513 0.015698
4 0.186331 0.339702 0.014421 0.012302
4 0.183948 0.333322 0.015146 0.013310
4 0.165403 0.341262 0.017533 0.016710
4 0.208557 0.279390 0.019970 0.018800
4 0.213656 0.302492 0.016994 0.015718
4 0.224329 0.255015 0.016673 0.015506
4 0.230012 0.243596 0.018059 0.016888
4 0.250723 0.233719 0.018482 0.017100
4 0.239306 0.265210 0.017950 0.019117
4 0.253803 0.266007 0.021243 0.019435
4 0.336396 0.225835 0.021296 0.021300
4 0.363937 0.225147 0.018727 0.017715
4 0.376053 0.210367 0.018727 0.017169
4 0.377154 0.184616 0.020195 0.019094
4 0.356592 0.165111 0.018912 0.017166
4 0.405336 0.257531 0.017166 0.016432
4 0.413595 0.254228 0.018644 0.017351
4 0.409377 0.238072 0.017351 0.016984
4 0.404869 0.172776 0.017841 0.017305
4 0.433760 0.157900 0.019914 0.020271
4 0.447629 0.146047 0.017778 0.017186
4 0.461376 0.151792 0.020747 0.019444
4 0.516756 0.106782 0.021601 0.021190
4 0.543740 0.134314 0.015496 0.014673
4 0.541624 0.177325 0.018492 0.017183
4 0.631637 0.183150 0.019828 0.018634
4 0.616169 0.208256 0.017715 0.016710
4 0.637788 0.210000 0.018175 0.017989
4 0.177844 0.535033 0.018313 0.017897
4 0.214939 0.488747 0.017100 0.016567
4 0.237723 0.450777 0.019329 0.019649
4 0.259603 0.445623 0.019755 0.019117
4 0.257009 0.521258 0.018079 0.017543
4 0.274137 0.523216 0.017718 0.017424
4 0.259735 0.550655 0.019140 0.018016
4 0.188950 0.694344 0.019329 0.018482
4 0.213166 0.731944 0.017629 0.016144
4 0.321109 0.766270 0.022305 0.021349
4 0.257277 0.641749 0.016524 0.013988
4 0.253848 0.648881 0.020228 0.017688
4 0.256212 0.627452 0.018376 0.017622
4 0.592282 0.825478 0.019874 0.019058
4 0.635040 0.823388 0.018142 0.016716
4 0.645435 0.807029 0.019163 0.017226
4 0.601303 0.808609 0.016310 0.015493
4 0.587135 0.794850 0.014269 0.013046
4 0.640055 0.773571 0.020083 0.019028
4 0.705002 0.735994 0.021042 0.019507
4 0.860751 0.369334 0.019874 0.019084
