0 0.528064 0.270924 0.166531 0.160876
0 0.629841 0.671354 0.113631 0.117417
0 0.553520 0.771728 0.185215 0.176505
0 0.382320 0.548256 0.095830 0.093178
0 0.179114 0.461710 0.174987 0.160218
0 0.173810 0.395615 0.101508 0.093175
0 0.259960 0.418719 0.099649 0.099236
0 0.668738 0.460266 0.091154 0.090718
0 0.827141 0.477118 0.106538 0.103469
0 0.770170 0.352657 0.188925 0.182351
0 0.376430 0.190506 0.157768 0.177970
0 0.440612 0.150868 0.106534 0.108244
0 0.623138 0.265885 0.100840 0.098211
0 0.634972 0.183517 0.099964 0.097292
0 0.550633 0.149773 0.121392 0.107808
0 0.676033 0.606017 0.174269 0.158700
0 0.726028 0.575718 0.106091 0.105675
