8 0.624097 0.657839 0.022460 0.021776
8 0.587553 0.646419 0.022156 0.021164
8 0.535402 0.654182 0.024137 0.023608
8 0.360344 0.618342 0.022758 0.023112
8 0.464924 0.624881 0.023981 0.023525
8 0.357599 0.486303 0.020099 0.019643
8 0.327908 0.467270 0.021319 0.020407
8 0.329783 0.409251 0.021882 0.021855
8 0.697197 0.540850 0.023952 0.023228
8 0.661048 0.587513 0.024259 0.023340
8 0.504511 0.569234 0.022983 0.022153
8 0.498180 0.523876 0.022232 0.021164
8 0.445360 0.497045 0.022176 0.021518
8 0.431311 0.467305 0.021187 0.020992
8 0.419638 0.417599 0.022371 0.020992
8 0.483223 0.486010 0.020473 0.020136
8 0.473542 0.347113 0.019464 0.018333
8 0.498598 0.368001 0.021012 0.021088
8 0.607657 0.332946 0.019871 0.019411
8 0.619600 0.350911 0.020595 0.019937
8 0.731126 0.252879 0.020519 0.020757
8 0.747753 0.250278 0.020519 0.020767
8 0.158409 0.342538 0.020992 0.019223
8 0.163892 0.353439 0.019696 0.019352
8 0.887264 0.251417 0.016908 0.018178
8 0.929942 0.711136 0.019891 0.021472
8 0.920098 0.741331 0.012510 0.014183
8 0.248937 0.166854 0.019461 0.019461
8 0.305364 0.147262 0.023591 0.023347
8 0.112740 0.559024 0.025003 0.024742
8 0.346898 0.898279 0.026515 0.028013
8 0.547961 0.899563 0.027133 0.026144
8 0.237500 0.733049 0.025708 0.025000
8 0.204765 0.659534 0.024762 0.024530
8 0.218819 0.616027 0.023353 0.024018
8 0.207123 0.472029 0.024015 0.024216
8 0.188626 0.374671 0.022371 0.022239
8 0.249325 0.236116 0.023677 0.022688
8 0.524516 0.114243 0.022728 0.024358
8 0.606920 0.118575 0.022219 0.024259
8 0.822994 0.224474 0.022106 0.022110
8 0.916493 0.504426 0.024573 0.025308
8 0.693545 0.784120 0.025595 0.024147
8 0.867222 0.681156 0.022923 0.023059
8 0.855899 0.656458 0.019921 0.021151
8 0.647738 0.185828 0.022348 0.021895
8 0.448056 0.186229 0.022970 0.022285
8 0.532528 0.216270 0.023178 0.021601
8 0.395000 0.271412 0.021462 0.020384
8 0.467098 0.298810 0.023522 0.021118
8 0.836715 0.580519 0.021868 0.021336
8 0.813140 0.616025 0.021055 0.020522
8 0.815475 0.648090 0.022378 0.021935
8 0.765547 0.612599 0.022642 0.022407
8 0.634603 0.712297 0.022612 0.022761
8 0.520479 0.745613 0.024054 0.024666
8 0.410604 0.707550 0.024137 0.023697
8 0.278300 0.619926 0.023373 0.023601
8 0.271691 0.502459 0.022728 0.022728
8 0.799125 0.351134 0.022378 0.021495
8 0.784679 0.375491 0.020615 0.019997
8 0.772831 0.411387 0.021581 0.020612
8 0.744949 0.393049 0.020400 0.020463
8 0.731267 0.357384 0.020933 0.020463
8 0.589357 0.295324 0.023601 0.021468
8 0.533927 0.470655 0.022437 0.021779
8 0.571564 0.449104 0.021647 0.020794
8 0.670081 0.411968 0.022305 0.021852
8 0.648160 0.324337 0.022550 0.021141
8 0.667531 0.641204 0.022232 0.021700
