6 0.338915 0.760093 0.020556 0.020099
6 0.400106 0.750243 0.019960 0.020017
6 0.433352 0.792108 0.019911 0.020612
6 0.484206 0.753003 0.017328 0.017427
6 0.483646 0.738937 0.017834 0.017226
6 0.502705 0.746683 0.017427 0.018651
6 0.512897 0.791066 0.017738 0.019375
6 0.509411 0.632449 0.013929 0.014620
6 0.521435 0.629982 0.015933 0.016915
6 0.486774 0.606419 0.013046 0.013300
6 0.501837 0.605274 0.014983 0.015767
6 0.522624 0.600561 0.014104 0.013919
6 0.436501 0.563995 0.015503 0.015298
6 0.428404 0.563593 0.015592 0.017940
6 0.438836 0.548793 0.015708 0.014676
6 0.435885 0.540946 0.015083 0.014881
6 0.500941 0.559109 0.014785 0.015413
6 0.515756 0.583421 0.013707 0.014785
6 0.528553 0.580691 0.010976 0.010807
6 0.742169 0.720967 0.018333 0.019071
6 0.714769 0.698872 0.018188 0.018922
6 0.715597 0.647763 0.016207 0.016835
6 0.687475 0.672273 0.016491 0.017973
6 0.656878 0.650544 0.015298 0.016604
6 0.650227 0.671303 0.015526 0.016151
6 0.639335 0.681030 0.015357 0.016842
6 0.623623 0.632693 0.014957 0.015638
6 0.620400 0.666462 0.014848 0.015357
6 0.610251 0.660207 0.013763 0.014673
6 0.590574 0.653097 0.013535 0.014673
6 0.613135 0.687498 0.015866 0.017173
6 0.576936 0.682181 0.016379 0.017232
6 0.601119 0.738957 0.018548 0.019263
6 0.598266 0.765813 0.022424 0.020384
6 0.659096 0.798689 0.019382 0.022199
6 0.658717 0.592632 0.014180 0.015152
6 0.668009 0.556781 0.013743 0.013919
6 0.683294 0.571007 0.013479 0.013833
6 0.708618 0.603026 0.015503 0.016561
6 0.604881 0.642024 0.012606 0.012507
6 0.599645 0.636915 0.011802 0.012507
6 0.581675 0.634360 0.011802 0.013211
6 0.585946 0.618064 0.013829 0.014798
6 0.602756 0.584858 0.013595 0.013876
6 0.579499 0.585256 0.012450 0.013423
6 0.566893 0.566971 0.012827 0.013552
6 0.583036 0.553945 0.014008 0.014160
6 0.626964 0.547627 0.012791 0.014011
6 0.609223 0.553869 0.012341 0.014008
6 0.602070 0.553565 0.011726 0.013247
6 0.760417 0.624835 0.015860 0.016581
6 0.782098 0.635099 0.015790 0.016845
6 0.822808 0.664524 0.018042 0.017632
6 0.795952 0.690311 0.016918 0.017632
6 0.771186 0.712836 0.016511 0.016815
6 0.774345 0.702593 0.016104 0.015694
6 0.660407 0.502783 0.012685 0.013390
6 0.668160 0.516744 0.013390 0.013654
6 0.727047 0.548915 0.014484 0.014980
6 0.719555 0.541419 0.013337 0.014054
6 0.768279 0.549170 0.014778 0.014676
6 0.799211 0.514932 0.013370 0.014600
6 0.789727 0.516364 0.013509 0.015281
6 0.777176 0.516908 0.014054 0.014735
6 0.872027 0.561389 0.016627 0.017216
6 0.855761 0.548239 0.015675 0.015685
6 0.852346 0.534325 0.014977 0.014504
6 0.879936 0.521111 0.015698 0.015463
6 0.884129 0.512273 0.014150 0.013562
6 0.827222 0.534082 0.016640 0.019468
6 0.796285 0.604640 0.016749 0.016733
6 0.784294 0.601877 0.014210 0.014051
6 0.784769 0.590747 0.015787 0.014524
6 0.702459 0.555407 0.013919 0.015708
6 0.695842 0.548796 0.013509 0.015284
6 0.689292 0.544226 0.011601 0.014054
6 0.799851 0.347302 0.011376 0.011885
6 0.813785 0.346534 0.010010 0.010463
6 0.810177 0.329985 0.011326 0.011260
6 0.769820 0.334367 0.011710 0.011974
6 0.760147 0.322358 0.011584 0.012044
6 0.747316 0.317817 0.011452 0.012176
6 0.792424 0.319517 0.011376 0.011038
6 0.786594 0.313948 0.010860 0.011032
6 0.801579 0.310790 0.012285 0.012454
6 0.815314 0.313862 0.009610 0.009954
6 0.824008 0.305506 0.013029 0.013261
6 0.778626 0.300370 0.012331 0.012130
6 0.781224 0.285797 0.014067 0.014372
6 0.756420 0.278730 0.013621 0.013585
6 0.826551 0.268765 0.015866 0.015526
6 0.819585 0.259011 0.008416 0.008419
6 0.843365 0.310450 0.013965 0.013657
6 0.836366 0.328170 0.012632 0.012483
6 0.830050 0.344317 0.012189 0.012338
6 0.840321 0.356581 0.011402 0.011601
6 0.835384 0.374320 0.012963 0.013026
6 0.809955 0.386634 0.010691 0.010635
6 0.850994 0.379871 0.010519 0.011144
6 0.855597 0.383423 0.011551 0.012235
6 0.889658 0.422014 0.015506 0.015152
6 0.852373 0.409058 0.013886 0.014345
6 0.833719 0.416028 0.011319 0.011720
6 0.828684 0.409484 0.012963 0.013095
6 0.792318 0.398256 0.012956 0.014064
6 0.786769 0.390817 0.012229 0.012639
6 0.778920 0.383019 0.011617 0.012335
6 0.760013 0.399580 0.013148 0.013452
6 0.727834 0.370607 0.011647 0.012953
6 0.723647 0.369468 0.011343 0.012487
6 0.732485 0.313896 0.012232 0.012229
6 0.733148 0.301564 0.014577 0.013247
6 0.736437 0.416010 0.013681 0.014388
6 0.699704 0.406162 0.012854 0.014269
6 0.709431 0.389299 0.012500 0.013089
6 0.694396 0.374029 0.012146 0.012973
6 0.660329 0.323512 0.012503 0.013294
6 0.644699 0.307684 0.012831 0.013224
6 0.658355 0.275797 0.013224 0.014279
6 0.660296 0.241976 0.012239 0.012834
6 0.694182 0.255104 0.013819 0.013819
6 0.668874 0.445544 0.013535 0.013647
6 0.642599 0.446114 0.011032 0.011601
6 0.643509 0.436047 0.010807 0.010804
6 0.664182 0.428796 0.011888 0.011204
6 0.661538 0.422798 0.011488 0.010919
6 0.633707 0.379430 0.011012 0.010764
6 0.625719 0.387171 0.010076 0.011207
6 0.617437 0.387295 0.009339 0.010767
6 0.603280 0.400622 0.010509 0.010582
6 0.605351 0.415207 0.011131 0.011683
6 0.590198 0.428251 0.011845 0.011515
6 0.602811 0.440785 0.011640 0.010923
6 0.570787 0.435324 0.011978 0.012632
6 0.577070 0.453485 0.010463 0.010529
6 0.605332 0.456741 0.011452 0.011253
6 0.591152 0.461217 0.010856 0.010595
6 0.664549 0.365038 0.011663 0.011544
6 0.665202 0.372603 0.010470 0.011204
6 0.659631 0.372062 0.010466 0.011147
6 0.647004 0.346979 0.011422 0.011802
6 0.642245 0.350248 0.010126 0.011045
6 0.601248 0.378252 0.011273 0.011538
6 0.609087 0.371248 0.010569 0.011452
6 0.619482 0.349845 0.011273 0.012685
6 0.608137 0.318854 0.011630 0.011716
6 0.591311 0.304540 0.011630 0.012335
6 0.590342 0.288684 0.011452 0.012335
6 0.570554 0.367722 0.011313 0.011925
6 0.562502 0.373785 0.011313 0.012636
6 0.579684 0.348165 0.011749 0.012189
6 0.571157 0.329144 0.011601 0.011700
6 0.564276 0.340645 0.010615 0.011799
6 0.557426 0.328421 0.010023 0.010665
6 0.573429 0.312077 0.011343 0.011601
6 0.547250 0.291434 0.011207 0.011306
6 0.740792 0.239684 0.014104 0.014487
6 0.743523 0.212262 0.013760 0.014167
6 0.730274 0.212158 0.014372 0.014983
6 0.708345 0.165114 0.015678 0.015413
6 0.696014 0.191936 0.015149 0.014798
6 0.651544 0.164401 0.013366 0.013307
6 0.650172 0.198173 0.014444 0.014448
6 0.655942 0.222310 0.013300 0.013568
6 0.624979 0.203988 0.013919 0.014094
6 0.594544 0.178573 0.015238 0.015063
6 0.630251 0.130352 0.017831 0.018952
6 0.602221 0.141901 0.015989 0.015595
6 0.588467 0.122455 0.016650 0.017636
6 0.608983 0.238069 0.013125 0.013651
6 0.580045 0.220364 0.013568 0.013829
6 0.612055 0.260387 0.013046 0.013657
6 0.596615 0.246984 0.011313 0.011925
6 0.572460 0.255954 0.011925 0.012331
6 0.563694 0.247852 0.010906 0.011822
6 0.558140 0.249737 0.009375 0.010089
6 0.876477 0.470291 0.016386 0.016713
6 0.827955 0.470861 0.015658 0.015989
6 0.801963 0.489912 0.013555 0.013952
6 0.785711 0.483462 0.014081 0.015265
6 0.741000 0.463953 0.014448 0.015413
6 0.730428 0.472102 0.013919 0.014448
6 0.656741 0.482133 0.013555 0.013029
6 0.639929 0.489438 0.011121 0.011184
6 0.637396 0.481609 0.012239 0.012106
6 0.612812 0.478142 0.010962 0.010734
6 0.617273 0.486855 0.010870 0.011276
6 0.612432 0.488643 0.011723 0.011961
6 0.598836 0.503143 0.012421 0.012503
6 0.593932 0.495842 0.013552 0.013707
6 0.472652 0.488393 0.015860 0.015265
6 0.455709 0.496386 0.015923 0.015728
6 0.382199 0.478682 0.015503 0.015327
6 0.364056 0.454120 0.015182 0.015073
6 0.353279 0.465977 0.015017 0.015354
6 0.276738 0.450225 0.019673 0.019061
6 0.248829 0.453320 0.016918 0.016521
6 0.231963 0.455408 0.017226 0.015400
6 0.234357 0.444507 0.015083 0.014577
6 0.492340 0.450734 0.014018 0.014478
6 0.504084 0.442870 0.014081 0.014411
6 0.551700 0.804451 0.020079 0.020794
6 0.532996 0.793547 0.018347 0.020182
6 0.522566 0.748998 0.017705 0.016561
6 0.527500 0.739000 0.016825 0.015942
6 0.554679 0.742594 0.018988 0.018396
6 0.543896 0.690403 0.016806 0.018142
6 0.560554 0.644458 0.013634 0.015013
6 0.545532 0.630964 0.012685 0.012517
6 0.543638 0.624229 0.011362 0.010304
6 0.540423 0.612912 0.014094 0.014448
6 0.546536 0.577070 0.014058 0.014206
6 0.554008 0.562472 0.011501 0.012140
6 0.555479 0.525271 0.014332 0.014616
6 0.557029 0.500880 0.014778 0.014881
6 0.558272 0.480741 0.014897 0.014332
6 0.532589 0.452444 0.014649 0.015073
6 0.548947 0.421819 0.013819 0.013935
6 0.550139 0.384144 0.012434 0.013228
6 0.518553 0.359173 0.013092 0.013684
6 0.539481 0.335711 0.011726 0.012335
6 0.547019 0.322844 0.007920 0.008221
6 0.539481 0.311311 0.011118 0.011802
6 0.516161 0.304504 0.011878 0.012487
6 0.511060 0.293464 0.010962 0.011571
6 0.524813 0.264231 0.013039 0.012510
6 0.528861 0.261280 0.011987 0.011713
6 0.537146 0.234588 0.013565 0.015063
6 0.508239 0.177475 0.016815 0.016610
6 0.530256 0.130337 0.016200 0.016104
6 0.500681 0.132183 0.016733 0.016574
6 0.129646 0.407004 0.021065 0.020714
6 0.133869 0.344320 0.019821 0.019732
6 0.100372 0.385959 0.013733 0.014841
6 0.100689 0.365987 0.010261 0.011524
6 0.112371 0.368118 0.016892 0.017050
6 0.124289 0.306944 0.015787 0.017209
6 0.325549 0.092353 0.011806 0.008806
6 0.285308 0.122589 0.019464 0.019365
6 0.323528 0.106028 0.017427 0.017427
6 0.527346 0.099701 0.016597 0.017655
6 0.518853 0.083745 0.016680 0.016379
6 0.516336 0.072672 0.016204 0.014921
6 0.544993 0.073814 0.017513 0.017662
6 0.710962 0.122576 0.016210 0.016296
6 0.755394 0.175853 0.015820 0.016627
6 0.770347 0.173024 0.017090 0.016511
6 0.777564 0.193811 0.016511 0.016743
6 0.786341 0.210322 0.017206 0.017437
6 0.880499 0.300271 0.012156 0.013228
6 0.871576 0.319730 0.014752 0.014924
6 0.867824 0.347075 0.014147 0.013714
6 0.880076 0.358158 0.013962 0.013810
6 0.897545 0.397014 0.014388 0.014464
6 0.910590 0.417068 0.013495 0.013866
6 0.904535 0.476634 0.015208 0.014762
6 0.896450 0.514423 0.014759 0.014368
6 0.901991 0.529124 0.014478 0.013585
6 0.900405 0.546710 0.015010 0.014319
6 0.882915 0.587882 0.016868 0.017166
6 0.896389 0.600157 0.016468 0.017966
6 0.836617 0.703143 0.018201 0.016994
6 0.817727 0.727993 0.016908 0.015774
6 0.803406 0.734084 0.016561 0.016389
6 0.764610 0.772105 0.016700 0.016835
6 0.754454 0.769565 0.018036 0.017636
6 0.744769 0.799026 0.016032 0.015632
6 0.716177 0.816996 0.017368 0.016835
6 0.697738 0.831627 0.017903 0.016700
6 0.598948 0.860752 0.015589 0.015473
6 0.579261 0.864793 0.021478 0.020552
6 0.521351 0.874494 0.022054 0.020556
6 0.448920 0.847166 0.018257 0.016409
6 0.446958 0.836895 0.017103 0.016627
6 0.439803 0.840764 0.019401 0.019286
6 0.386849 0.811007 0.020324 0.021247
6 0.373337 0.855984 0.023095 0.020440
6 0.332578 0.803395 0.018198 0.018859
6 0.293325 0.801680 0.022298 0.022440
6 0.250575 0.774357 0.021620 0.021472
6 0.223490 0.734056 0.020724 0.021174
6 0.185584 0.733831 0.017966 0.018039
6 0.205331 0.697369 0.021025 0.020651
6 0.182890 0.711012 0.018340 0.017970
6 0.113252 0.623261 0.013952 0.015919
6 0.118216 0.521425 0.015043 0.017368
6 0.113037 0.510881 0.015023 0.016637
6 0.098819 0.537531 0.017348 0.018065
6 0.120640 0.482799 0.019851 0.019137
6 0.088892 0.464287 0.012163 0.017173
6 0.316685 0.413318 0.017523 0.017523
6 0.390357 0.507811 0.014312 0.014087
6 0.438924 0.123087 0.019018 0.018555
6 0.398942 0.145043 0.018386 0.018380
6 0.358745 0.140590 0.020400 0.020268
6 0.454158 0.196035 0.018793 0.017784
6 0.424678 0.226807 0.016134 0.016458
6 0.434168 0.224038 0.015334 0.015866
6 0.493978 0.260508 0.013565 0.014501
6 0.493388 0.280235 0.012510 0.013254
6 0.489967 0.298099 0.012526 0.012731
6 0.408525 0.319081 0.014471 0.014835
6 0.420873 0.313753 0.013968 0.014114
6 0.445461 0.322034 0.013462 0.013823
6 0.457844 0.305473 0.012745 0.013102
6 0.457234 0.291037 0.013535 0.013608
6 0.435021 0.297950 0.013462 0.014616
6 0.234120 0.223411 0.022063 0.021935
6 0.220450 0.259800 0.020013 0.020129
6 0.360314 0.224955 0.019187 0.019468
6 0.379058 0.258064 0.018122 0.018026
6 0.311830 0.239992 0.019560 0.019468
6 0.334322 0.271827 0.015866 0.015929
6 0.337186 0.289623 0.015992 0.015681
6 0.312242 0.279365 0.008578 0.009253
6 0.293208 0.283800 0.016772 0.017540
6 0.276629 0.308619 0.017927 0.018218
6 0.281159 0.331896 0.015036 0.015228
6 0.340223 0.352611 0.015711 0.016095
6 0.327116 0.322440 0.016481 0.016290
6 0.320225 0.307212 0.012725 0.012817
6 0.387151 0.499535 0.015804 0.014983
6 0.315976 0.383874 0.017050 0.016101
6 0.282649 0.404582 0.016746 0.016981
6 0.271682 0.395797 0.015804 0.016627
6 0.276397 0.379524 0.010142 0.010734
6 0.259249 0.423705 0.017599 0.017464
6 0.234962 0.398872 0.018423 0.018829
6 0.192526 0.360519 0.020370 0.019583
6 0.187326 0.331478 0.019580 0.019160
6 0.194868 0.259712 0.021025 0.020331
6 0.186688 0.262169 0.019104 0.021151
6 0.419135 0.158426 0.019104 0.019577
6 0.362260 0.422171 0.014871 0.014805
6 0.381111 0.440856 0.014411 0.014015
6 0.387789 0.430693 0.013819 0.013555
6 0.394191 0.410559 0.013132 0.012870
6 0.387933 0.405939 0.013479 0.013829
6 0.373892 0.392196 0.015152 0.015417
6 0.390408 0.387880 0.013304 0.013300
6 0.403216 0.383783 0.011452 0.011627
6 0.419210 0.374008 0.011726 0.012156
6 0.427490 0.382237 0.012077 0.012781
6 0.434889 0.378676 0.012781 0.012860
6 0.467002 0.364888 0.013555 0.013862
6 0.447178 0.349600 0.012232 0.013452
6 0.447436 0.365403 0.012530 0.012421
6 0.439127 0.364481 0.011210 0.012639
6 0.431176 0.369678 0.010804 0.011009
6 0.425622 0.364020 0.011316 0.011313
6 0.432725 0.447736 0.014623 0.014448
6 0.458712 0.449142 0.013211 0.013046
6 0.455496 0.438003 0.013829 0.013300
6 0.462854 0.434959 0.014094 0.013925
6 0.455982 0.425670 0.013743 0.014005
6 0.507024 0.392431 0.014378 0.014464
6 0.489659 0.422313 0.012103 0.012259
6 0.313102 0.512526 0.018413 0.018234
6 0.329570 0.521114 0.016832 0.017090
6 0.317550 0.531156 0.017970 0.017616
6 0.268396 0.563881 0.018499 0.018409
6 0.227569 0.529960 0.019927 0.018981
6 0.227431 0.561607 0.018829 0.017328
6 0.225992 0.574229 0.018161 0.017738
6 0.252672 0.584463 0.018009 0.019104
6 0.374931 0.548917 0.019385 0.018965
6 0.339740 0.613598 0.020083 0.019114
6 0.208431 0.618781 0.018806 0.019263
6 0.173715 0.592249 0.019567 0.017970
6 0.154388 0.564699 0.019147 0.019279
6 0.167879 0.539170 0.019805 0.018882
6 0.139846 0.551639 0.018886 0.018687
6 0.256726 0.608479 0.018320 0.017354
6 0.278659 0.625261 0.018674 0.018499
6 0.171240 0.632831 0.021058 0.020463
6 0.276144 0.651128 0.018194 0.016376
6 0.278771 0.641043 0.019183 0.016597
6 0.329387 0.664869 0.020003 0.018819
6 0.425706 0.596870 0.018674 0.019117
6 0.464878 0.649464 0.020251 0.020403
6 0.422004 0.710908 0.020688 0.020691
6 0.345817 0.708616 0.020589 0.021200
6 0.309636 0.725789 0.020179 0.020896
6 0.365866 0.741477 0.019947 0.019567
