9 0.582831 0.080207 0.027163 0.029144
9 0.670997 0.117976 0.025572 0.024940
9 0.707771 0.129072 0.022612 0.022616
9 0.824218 0.209517 0.028853 0.027632
9 0.836812 0.278231 0.028611 0.025675
9 0.867133 0.317966 0.030079 0.029345
9 0.888767 0.429137 0.035086 0.028955
9 0.867932 0.658160 0.029792 0.029461
9 0.845999 0.675182 0.031098 0.029464
9 0.802131 0.670764 0.029137 0.030443
9 0.827665 0.723467 0.026515 0.028482
9 0.786091 0.733289 0.028479 0.028482
9 0.771524 0.754894 0.024881 0.023241
9 0.651220 0.817583 0.029134 0.029464
9 0.692794 0.812836 0.023896 0.025208
9 0.716528 0.844263 0.027500 0.028479
9 0.464431 0.786688 0.027474 0.024937
9 0.556546 0.439997 0.024289 0.024425
9 0.517591 0.432077 0.023879 0.024140
9 0.495010 0.457462 0.027560 0.029335
9 0.528780 0.475949 0.024967 0.024015
9 0.501559 0.505557 0.022920 0.022106
9 0.479932 0.490412 0.029335 0.027292
9 0.402591 0.493264 0.023350 0.022288
9 0.376057 0.492083 0.024058 0.021819
9 0.343391 0.515610 0.026888 0.025473
9 0.355866 0.408062 0.029246 0.028419
9 0.297229 0.575394 0.026958 0.027837
9 0.329425 0.570418 0.021230 0.021935
9 0.354221 0.593805 0.019732 0.019911
9 0.429826 0.551336 0.021954 0.023981
9 0.413490 0.555288 0.022100 0.023049
9 0.385706 0.565709 0.028733 0.028416
9 0.409307 0.602965 0.024157 0.022417
9 0.393725 0.656597 0.025347 0.023479
9 0.392366 0.636968 0.022642 0.019577
9 0.348385 0.718669 0.022100 0.023522
9 0.435686 0.725220 0.027153 0.027470
9 0.489940 0.626553 0.027474 0.026419
9 0.453378 0.677169 0.025784 0.024517
9 0.554403 0.602770 0.024507 0.023231
9 0.600789 0.610069 0.028952 0.028955
9 0.651610 0.645782 0.027110 0.026498
9 0.309522 0.408533 0.025235 0.022993
9 0.460744 0.290286 0.026852 0.027034
9 0.425218 0.294396 0.025569 0.025030
9 0.377907 0.245258 0.028862 0.030139
9 0.347404 0.265261 0.027765 0.028128
9 0.302214 0.341675 0.027153 0.027563
9 0.252004 0.352113 0.025245 0.024696
9 0.225193 0.465486 0.022946 0.021812
9 0.204277 0.456589 0.028019 0.028859
9 0.204272 0.497614 0.029140 0.027728
9 0.143725 0.476528 0.025744 0.023466
9 0.125334 0.501860 0.029140 0.027166
9 0.173715 0.547126 0.022920 0.023763
9 0.163672 0.654625 0.028859 0.027192
9 0.164803 0.632006 0.028290 0.024897
9 0.224079 0.672887 0.029706 0.030840
9 0.251379 0.722966 0.027163 0.030271
9 0.414301 0.155301 0.029587 0.028320
9 0.516801 0.224525 0.019448 0.018806
9 0.502007 0.177598 0.024094 0.025572
9 0.531807 0.124656 0.027054 0.029167
9 0.581283 0.246538 0.028320 0.027685
9 0.621650 0.238294 0.028743 0.028532
9 0.589631 0.193385 0.028112 0.026207
9 0.647108 0.164539 0.025559 0.025155
9 0.701009 0.179223 0.028108 0.028743
9 0.669730 0.229206 0.026842 0.026415
9 0.655676 0.237343 0.028740 0.029587
9 0.649125 0.320825 0.031280 0.030433
9 0.773289 0.280246 0.031068 0.030433
9 0.717718 0.409140 0.031058 0.033333
9 0.803889 0.401564 0.028406 0.029544
9 0.746710 0.518345 0.032407 0.032735
9 0.715284 0.587259 0.027824 0.025218
9 0.742617 0.624082 0.031425 0.030771
9 0.718395 0.650270 0.030116 0.029461
9 0.634330 0.766146 0.026207 0.026630
9 0.510081 0.717895 0.025360 0.025995
9 0.473404 0.809301 0.026438 0.025360
9 0.453548 0.817227 0.028532 0.030222
9 0.354744 0.851434 0.028363 0.031789
9 0.251553 0.803507 0.029831 0.030321
9 0.131756 0.682115 0.034239 0.031068
9 0.082472 0.557483 0.029613 0.027632
9 0.077151 0.433816 0.027887 0.032454
9 0.106053 0.429759 0.023833 0.024339
9 0.174196 0.249456 0.027163 0.028575
9 0.157080 0.217612 0.021786 0.027189
9 0.175739 0.206577 0.026908 0.028889
9 0.217060 0.172073 0.032540 0.033386
9 0.334053 0.092713 0.027728 0.027444
