9 0.405529 0.577118 0.031065 0.031915
9 0.329869 0.512447 0.034871 0.034028
9 0.233601 0.448509 0.022824 0.021964
9 0.269439 0.596655 0.033608 0.035618
9 0.192265 0.536195 0.038909 0.043290
9 0.139203 0.602044 0.037262 0.035800
9 0.089793 0.627799 0.016624 0.022649
9 0.167260 0.712864 0.043535 0.036772
9 0.128056 0.720579 0.023882 0.019656
9 0.156693 0.788208 0.024517 0.029802
9 0.187126 0.769398 0.024094 0.022189
9 0.208474 0.755660 0.040155 0.039944
9 0.212363 0.856237 0.019831 0.021052
9 0.119593 0.729454 0.015450 0.018810
9 0.817072 0.390561 0.036895 0.038542
9 0.779352 0.319233 0.036349 0.043472
9 0.725012 0.266900 0.037993 0.039640
9 0.643180 0.209636 0.038356 0.040185
9 0.647472 0.292472 0.043290 0.040731
9 0.558791 0.263247 0.042741 0.039272
9 0.493123 0.212832 0.045116 0.041829
9 0.407278 0.175904 0.041739 0.041399
9 0.686182 0.366839 0.037913 0.037632
9 0.702874 0.435165 0.033386 0.032255
9 0.692688 0.503069 0.038479 0.040179
9 0.591966 0.473644 0.040744 0.041310
9 0.535663 0.444785 0.031121 0.031124
9 0.595503 0.392599 0.039325 0.034206
9 0.314907 0.353176 0.038148 0.039368
9 0.442675 0.464438 0.034967 0.035946
9 0.613846 0.553568 0.045728 0.045483
9 0.544277 0.590372 0.032768 0.031055
9 0.660185 0.643679 0.037659 0.034481
9 0.720337 0.703467 0.035701 0.032278
9 0.583646 0.700899 0.038634 0.036925
9 0.493414 0.733666 0.040103 0.040347
9 0.580833 0.785751 0.038393 0.035456
9 0.464560 0.831845 0.043036 0.044504
9 0.368226 0.660704 0.031280 0.034663
9 0.387776 0.654577 0.026419 0.028743
