0 0.522847 0.347202 0.126753 0.125337
0 0.387634 0.235276 0.132979 0.130711
0 0.359340 0.317750 0.071300 0.068185
0 0.616779 0.223423 0.130714 0.131845
0 0.771539 0.343666 0.146558 0.136372
0 0.204107 0.448953 0.074200 0.073899
0 0.253611 0.421344 0.132976 0.143476
0 0.793624 0.564084 0.157725 0.146720
0 0.641209 0.495053 0.122510 0.119577
0 0.672727 0.723484 0.147378 0.156941
0 0.532125 0.639400 0.122999 0.123733
0 0.432308 0.772361 0.136938 0.136091
0 0.279535 0.640989 0.144296 0.145251
0 0.400101 0.520190 0.130089 0.134494
