4 0.753343 0.377459 0.014934 0.013952
4 0.164114 0.652467 0.017328 0.015595
4 0.163704 0.613228 0.015899 0.015390
4 0.177245 0.575394 0.019120 0.016078
4 0.167991 0.547409 0.016901 0.016445
4 0.185579 0.522778 0.019187 0.017586
4 0.117983 0.448163 0.014213 0.019349
4 0.155886 0.429031 0.018499 0.017791
4 0.148752 0.374062 0.019382 0.019203
4 0.183995 0.319383 0.019101 0.017999
4 0.202670 0.266364 0.013932 0.013323
4 0.241981 0.221923 0.016104 0.015698
4 0.328295 0.160632 0.017748 0.017030
4 0.422564 0.122356 0.021200 0.021200
4 0.473368 0.148409 0.018654 0.018122
4 0.513072 0.123363 0.015985 0.014160
4 0.548709 0.143805 0.020109 0.020023
4 0.616809 0.114997 0.017765 0.014213
4 0.639236 0.166501 0.021495 0.020966
4 0.764593 0.243375 0.022050 0.019223
4 0.796610 0.257230 0.020754 0.019812
4 0.864888 0.456146 0.019458 0.018396
4 0.881982 0.520989 0.019772 0.018142
4 0.811104 0.692414 0.019015 0.018948
4 0.790509 0.712219 0.017831 0.016581
4 0.761427 0.719129 0.020069 0.019216
4 0.689059 0.795522 0.016915 0.015767
4 0.673600 0.837717 0.018938 0.019289
4 0.656159 0.801554 0.018237 0.017262
4 0.676639 0.774909 0.018323 0.017530
4 0.511822 0.827646 0.019947 0.019259
4 0.457738 0.819125 0.018056 0.018363
4 0.360453 0.843639 0.019160 0.018244
4 0.378998 0.798254 0.020701 0.020701
4 0.262594 0.795541 0.016445 0.016062
4 0.236807 0.734527 0.014785 0.015073
4 0.286465 0.764912 0.019544 0.018290
4 0.259998 0.728909 0.018502 0.017209
4 0.281429 0.715357 0.019491 0.018730
4 0.293492 0.720344 0.015007 0.014544
4 0.327908 0.713226 0.018198 0.016901
4 0.351488 0.777528 0.016978 0.016749
4 0.398158 0.776690 0.016825 0.015529
4 0.620281 0.794942 0.019365 0.017735
4 0.612535 0.770175 0.017530 0.017123
4 0.595709 0.762917 0.018370 0.016561
4 0.546065 0.750334 0.018849 0.017884
4 0.510832 0.740112 0.018681 0.017526
4 0.495678 0.753107 0.016911 0.015856
4 0.443183 0.760511 0.017120 0.015698
4 0.435648 0.740863 0.016263 0.015866
4 0.417591 0.732560 0.014613 0.015073
4 0.425524 0.732417 0.013991 0.013419
4 0.461779 0.717402 0.018598 0.017067
4 0.471448 0.710322 0.016435 0.014957
4 0.415775 0.698608 0.016908 0.017163
4 0.371267 0.685536 0.014881 0.014286
4 0.356402 0.679633 0.016766 0.014848
4 0.348069 0.669117 0.014451 0.012599
4 0.353690 0.661379 0.012136 0.011343
4 0.363310 0.656035 0.018201 0.020192
4 0.311268 0.658523 0.015069 0.012940
4 0.314823 0.667049 0.016776 0.014944
4 0.230389 0.629086 0.018634 0.016524
4 0.186877 0.487965 0.018178 0.016432
4 0.181599 0.468181 0.017166 0.015423
4 0.209413 0.416086 0.019554 0.018819
4 0.223550 0.388224 0.020103 0.018360
4 0.222217 0.353985 0.018727 0.016521
4 0.247424 0.309094 0.017057 0.016343
4 0.261981 0.301913 0.017295 0.016584
4 0.235245 0.274620 0.019041 0.018485
4 0.256429 0.265417 0.018406 0.016898
4 0.283910 0.278302 0.018542 0.017927
4 0.273285 0.257960 0.017867 0.016713
4 0.272768 0.242804 0.016647 0.016184
4 0.241182 0.594233 0.016835 0.015628
4 0.244155 0.578819 0.012034 0.012923
4 0.252394 0.576415 0.016058 0.016376
4 0.289557 0.611062 0.018882 0.017361
4 0.774413 0.658466 0.018390 0.017665
4 0.744039 0.631754 0.018284 0.015771
4 0.749545 0.640331 0.016802 0.016032
4 0.780602 0.594084 0.016071 0.014808
4 0.791966 0.577422 0.017523 0.014540
4 0.790764 0.515833 0.019279 0.019497
4 0.752791 0.495880 0.019742 0.019808
4 0.752199 0.471237 0.019345 0.017897
4 0.772037 0.454064 0.017831 0.016713
4 0.770590 0.434719 0.017702 0.016581
4 0.746080 0.603894 0.017404 0.015241
4 0.738431 0.588738 0.015982 0.015526
4 0.719863 0.581174 0.018654 0.016779
4 0.713722 0.529775 0.017589 0.016508
4 0.763674 0.393284 0.019279 0.017831
4 0.754048 0.359487 0.018228 0.016713
4 0.751344 0.338170 0.018740 0.017768
4 0.717217 0.268912 0.020188 0.018882
4 0.620503 0.266037 0.016601 0.015347
4 0.596652 0.272351 0.017808 0.017401
4 0.587945 0.285942 0.018251 0.018545
4 0.673173 0.610491 0.016835 0.015923
4 0.670840 0.620499 0.018538 0.016832
4 0.634330 0.626670 0.019904 0.018823
4 0.578070 0.668350 0.016313 0.015933
4 0.562237 0.652315 0.018449 0.016918
4 0.545319 0.652111 0.018244 0.017735
4 0.528348 0.669692 0.017325 0.016819
4 0.482664 0.643730 0.016597 0.016290
4 0.467812 0.639471 0.016756 0.014775
4 0.464201 0.629995 0.014997 0.012867
4 0.401243 0.637158 0.018651 0.017530
4 0.583881 0.220281 0.019871 0.018095
4 0.577060 0.261589 0.017996 0.017841
4 0.558115 0.259694 0.018631 0.017841
4 0.532226 0.264588 0.018313 0.016577
4 0.511384 0.214917 0.020089 0.019570
4 0.498785 0.250013 0.016736 0.016475
4 0.478788 0.219314 0.017616 0.017794
4 0.438284 0.190245 0.019028 0.019114
4 0.394241 0.223586 0.017794 0.016915
4 0.350428 0.211827 0.019871 0.018687
4 0.339144 0.235777 0.018882 0.017897
4 0.486776 0.269201 0.014729 0.013707
4 0.483732 0.281057 0.018085 0.016042
4 0.459706 0.266387 0.018598 0.018085
4 0.441961 0.248075 0.017685 0.017401
4 0.388816 0.247088 0.018690 0.019540
4 0.281303 0.426138 0.015767 0.014444
4 0.260822 0.443051 0.018145 0.016386
4 0.292093 0.459215 0.016382 0.014884
4 0.279797 0.435240 0.011604 0.011432
4 0.252588 0.512255 0.017510 0.016369
4 0.274142 0.547932 0.014481 0.013264
4 0.282869 0.489568 0.021154 0.017999
4 0.290446 0.509459 0.014841 0.014210
4 0.285475 0.524931 0.015942 0.014206
4 0.398477 0.575465 0.014534 0.014005
4 0.406973 0.579995 0.016042 0.015513
4 0.431396 0.602181 0.015661 0.015003
4 0.460413 0.602510 0.017110 0.015794
4 0.494926 0.593231 0.017569 0.014478
4 0.718523 0.398185 0.016511 0.014980
4 0.656614 0.352371 0.018968 0.017328
4 0.664112 0.362120 0.015704 0.014749
4 0.669568 0.376311 0.016796 0.016386
4 0.640962 0.406475 0.014365 0.012685
4 0.635109 0.412245 0.013565 0.014180
4 0.648968 0.417388 0.016323 0.015000
4 0.659340 0.449821 0.018284 0.017202
4 0.638300 0.534476 0.017328 0.016505
4 0.621534 0.527237 0.016819 0.016511
4 0.632082 0.489476 0.017735 0.017021
4 0.644563 0.493801 0.014993 0.013462
4 0.616438 0.465625 0.017632 0.016409
4 0.599160 0.382442 0.014345 0.013628
4 0.581493 0.386362 0.019150 0.018029
4 0.603107 0.500451 0.018654 0.017530
4 0.560559 0.480425 0.018763 0.018654
4 0.590213 0.520441 0.017735 0.016280
4 0.547698 0.508891 0.017619 0.017186
4 0.542811 0.534137 0.016647 0.016025
4 0.499922 0.560729 0.017940 0.016511
4 0.494063 0.572093 0.017021 0.015595
4 0.451285 0.577564 0.016716 0.015797
4 0.401410 0.552816 0.017179 0.015856
4 0.358072 0.556076 0.017176 0.015856
4 0.314031 0.546078 0.016640 0.015238
4 0.329750 0.533482 0.018674 0.017884
4 0.366796 0.520797 0.015761 0.015238
4 0.314843 0.478442 0.018489 0.017176
4 0.316680 0.445772 0.014623 0.013039
4 0.320289 0.433352 0.018145 0.017616
4 0.311728 0.395271 0.021055 0.019114
4 0.348467 0.383016 0.017973 0.016263
4 0.382872 0.493585 0.017596 0.015483
4 0.383927 0.474294 0.018039 0.016809
4 0.432583 0.477971 0.017103 0.015876
4 0.450769 0.462880 0.019659 0.018234
4 0.482103 0.470253 0.017156 0.016267
4 0.491075 0.460767 0.017202 0.015384
4 0.485101 0.443859 0.017153 0.017447
4 0.497659 0.445456 0.011501 0.010913
4 0.493927 0.421475 0.017966 0.016640
4 0.489155 0.401673 0.012768 0.011779
4 0.503562 0.345106 0.016594 0.015456
4 0.505914 0.308327 0.017801 0.016812
4 0.399974 0.418041 0.017970 0.017265
4 0.410590 0.389676 0.018059 0.016561
4 0.456528 0.389368 0.018849 0.017884
4 0.385984 0.366630 0.019633 0.018261
4 0.427178 0.363514 0.017814 0.016141
4 0.432469 0.351751 0.015301 0.014084
4 0.443770 0.363474 0.013710 0.011200
4 0.442323 0.355374 0.015691 0.012798
4 0.457252 0.345473 0.016574 0.016131
4 0.456290 0.322123 0.018320 0.017884
4 0.440114 0.297257 0.016604 0.015241
4 0.400208 0.285868 0.017923 0.016981
4 0.349301 0.304816 0.019263 0.018271
4 0.343591 0.316422 0.016065 0.015159
4 0.363386 0.306529 0.017434 0.015605
4 0.358512 0.316650 0.016521 0.015463
4 0.373284 0.317340 0.018049 0.016842
