8 0.195921 0.568902 0.025817 0.025304
8 0.207808 0.398211 0.025000 0.025119
8 0.241959 0.427812 0.023952 0.024157
8 0.280231 0.418436 0.024868 0.025172
8 0.195456 0.469218 0.025761 0.026273
8 0.371564 0.082072 0.016508 0.014329
8 0.679752 0.108515 0.022626 0.024054
8 0.579213 0.289190 0.015681 0.016561
8 0.587753 0.291217 0.016571 0.017440
8 0.482897 0.160169 0.019669 0.018439
8 0.495865 0.152133 0.019567 0.019107
8 0.445853 0.395470 0.019398 0.018995
8 0.452533 0.405673 0.018426 0.018032
8 0.430680 0.537244 0.018423 0.017636
8 0.443014 0.536384 0.018892 0.020010
8 0.421070 0.816255 0.020605 0.021326
8 0.409097 0.823525 0.021382 0.022315
8 0.520903 0.705870 0.019762 0.020939
8 0.532649 0.703560 0.019960 0.021432
8 0.326219 0.203211 0.023251 0.023790
8 0.365761 0.221004 0.023003 0.021531
8 0.436906 0.134165 0.020962 0.020790
8 0.451705 0.159358 0.020261 0.019907
8 0.421756 0.186313 0.020966 0.020787
8 0.884527 0.254053 0.015946 0.017444
8 0.909851 0.292019 0.013214 0.015327
8 0.484484 0.910410 0.021316 0.014769
8 0.290051 0.845668 0.016809 0.015899
8 0.228279 0.797373 0.015923 0.016452
8 0.340357 0.283044 0.022877 0.022173
8 0.402503 0.245486 0.020284 0.020165
8 0.415769 0.268952 0.021815 0.020165
8 0.437469 0.245190 0.020400 0.019812
8 0.516989 0.200741 0.020003 0.018294
8 0.504094 0.215575 0.020265 0.019008
8 0.526465 0.219788 0.019742 0.018095
8 0.593985 0.177889 0.020860 0.020175
8 0.622460 0.195284 0.020251 0.020099
8 0.639818 0.181505 0.020860 0.020556
8 0.811468 0.322098 0.023003 0.023740
8 0.797354 0.402568 0.023128 0.022583
8 0.868075 0.464089 0.023201 0.022576
8 0.889236 0.518537 0.020265 0.020466
8 0.221640 0.743145 0.023247 0.021825
8 0.235332 0.683839 0.024216 0.022731
8 0.271052 0.661194 0.022057 0.022057
8 0.231038 0.368140 0.025000 0.024177
8 0.475073 0.789327 0.023148 0.022457
8 0.688962 0.733748 0.023056 0.022933
8 0.721647 0.746639 0.021455 0.021571
8 0.691066 0.764656 0.021928 0.021098
8 0.585190 0.711495 0.021505 0.021885
8 0.617179 0.238236 0.019940 0.018588
8 0.607892 0.280590 0.020030 0.019514
8 0.634706 0.290605 0.022130 0.020899
8 0.334031 0.652009 0.022639 0.023257
8 0.402718 0.656933 0.023228 0.023595
8 0.468456 0.645159 0.022817 0.022163
8 0.417259 0.623056 0.022560 0.021806
8 0.324861 0.610499 0.022930 0.022712
8 0.431822 0.555541 0.019120 0.018972
8 0.341308 0.542472 0.023151 0.023714
8 0.724494 0.398358 0.022017 0.021333
8 0.695150 0.683160 0.021088 0.021544
8 0.729031 0.668161 0.021243 0.022156
8 0.210208 0.271463 0.019239 0.018390
8 0.217707 0.206531 0.022351 0.024332
8 0.242746 0.158433 0.017543 0.017540
8 0.548920 0.590157 0.021233 0.020989
8 0.570792 0.609795 0.019269 0.018776
8 0.570742 0.632968 0.020936 0.020003
8 0.601511 0.627857 0.018479 0.019120
8 0.619206 0.647493 0.020251 0.019563
8 0.543907 0.391781 0.019825 0.018760
8 0.498239 0.323596 0.019448 0.019051
8 0.536996 0.317297 0.020136 0.019289
8 0.560091 0.352649 0.018945 0.018056
8 0.571923 0.338418 0.019501 0.019752
8 0.601605 0.379562 0.020612 0.021141
8 0.624074 0.421248 0.021772 0.022536
8 0.730713 0.501247 0.022636 0.023148
8 0.724800 0.570795 0.022437 0.022702
8 0.410542 0.410794 0.021673 0.022460
8 0.427376 0.437530 0.021584 0.021779
8 0.457184 0.442991 0.021187 0.025334
8 0.424615 0.507004 0.020056 0.020840
8 0.405150 0.505749 0.020056 0.021776
8 0.217141 0.287434 0.020089 0.022097
8 0.227171 0.283204 0.020400 0.020370
