5 0.639897 0.442207 0.015992 0.015532
5 0.616209 0.091022 0.017622 0.014669
5 0.690260 0.182275 0.023793 0.022196
5 0.705503 0.174256 0.023684 0.023366
5 0.771528 0.268075 0.018446 0.018036
5 0.785756 0.274420 0.018105 0.018515
5 0.794395 0.262075 0.019200 0.017966
5 0.806515 0.259983 0.017791 0.016938
5 0.804033 0.231925 0.019514 0.019464
5 0.821205 0.230650 0.018039 0.017517
5 0.867690 0.280144 0.017688 0.017173
5 0.849805 0.286399 0.019676 0.018426
5 0.655481 0.342450 0.015592 0.014444
5 0.658477 0.354431 0.015063 0.012507
5 0.662480 0.359011 0.013929 0.013214
5 0.680724 0.304182 0.018009 0.016372
5 0.686455 0.314816 0.016918 0.015843
5 0.766415 0.330969 0.016435 0.016263
5 0.777789 0.322181 0.017232 0.016095
5 0.429317 0.197660 0.018548 0.017940
5 0.442515 0.195570 0.018039 0.018244
5 0.368343 0.348383 0.016825 0.014881
5 0.367680 0.360306 0.017543 0.014064
5 0.371604 0.369883 0.015602 0.013462
5 0.326053 0.600033 0.016187 0.015992
5 0.322895 0.610064 0.017503 0.013297
5 0.661483 0.587631 0.014573 0.013456
5 0.662095 0.598224 0.016002 0.013261
5 0.784507 0.560195 0.020245 0.018538
5 0.790078 0.573729 0.020479 0.018085
5 0.459859 0.598395 0.015989 0.015003
5 0.457194 0.610663 0.016319 0.016392
5 0.447312 0.455564 0.015152 0.013654
5 0.444975 0.465650 0.015592 0.012860
5 0.479114 0.313099 0.014160 0.015073
5 0.488707 0.314924 0.014451 0.014921
5 0.698558 0.448418 0.013247 0.013628
5 0.693568 0.454701 0.013922 0.013700
5 0.636113 0.580109 0.023198 0.019180
5 0.142164 0.709415 0.018813 0.019180
5 0.104850 0.588502 0.020195 0.020602
5 0.271467 0.481346 0.014785 0.015622
5 0.280332 0.477703 0.016121 0.015241
5 0.566556 0.451222 0.016822 0.015241
5 0.568363 0.464519 0.018499 0.016306
5 0.913729 0.375202 0.020268 0.020635
5 0.834603 0.552680 0.022388 0.022259
5 0.857075 0.682520 0.026782 0.025992
5 0.760020 0.800817 0.027507 0.026779
5 0.714453 0.817300 0.026386 0.026716
5 0.596400 0.840572 0.025466 0.025728
5 0.463786 0.904820 0.024676 0.024871
5 0.411214 0.873019 0.025952 0.025265
5 0.199694 0.721265 0.024514 0.023151
5 0.144578 0.592583 0.021895 0.020985
5 0.136591 0.545248 0.021435 0.021554
5 0.200532 0.376784 0.020463 0.019937
5 0.204611 0.397381 0.020069 0.019544
5 0.209244 0.502373 0.021167 0.020479
5 0.875797 0.469122 0.023604 0.022470
5 0.833123 0.482937 0.020479 0.019339
5 0.845572 0.417057 0.021607 0.020589
5 0.806536 0.428981 0.018958 0.018142
5 0.809965 0.495646 0.019692 0.019812
5 0.794458 0.505021 0.018631 0.018515
5 0.804363 0.475422 0.018396 0.017808
5 0.746126 0.517770 0.019679 0.018826
5 0.698069 0.546070 0.018948 0.018290
5 0.476362 0.250296 0.018571 0.017966
5 0.477545 0.219425 0.018806 0.017890
5 0.451774 0.232482 0.017814 0.017358
5 0.538857 0.218148 0.020036 0.019458
5 0.585045 0.199676 0.021921 0.019808
5 0.528664 0.190529 0.021825 0.020668
5 0.469679 0.195420 0.020807 0.018638
5 0.389152 0.230443 0.019064 0.019888
5 0.330207 0.209709 0.020936 0.020549
5 0.274183 0.187555 0.020549 0.020856
5 0.356004 0.369722 0.014679 0.014755
5 0.331409 0.364921 0.018009 0.016898
5 0.280182 0.365167 0.017189 0.017364
5 0.784519 0.400764 0.018925 0.018433
5 0.804740 0.385157 0.019554 0.018681
5 0.760309 0.379625 0.017450 0.017450
5 0.713973 0.343714 0.017662 0.017659
5 0.676316 0.378249 0.015073 0.014924
5 0.658639 0.379225 0.015685 0.014884
5 0.692642 0.399028 0.015635 0.014742
5 0.667614 0.411027 0.014950 0.014468
5 0.712351 0.450506 0.015728 0.014649
5 0.676982 0.464592 0.016187 0.015162
5 0.625384 0.506346 0.018194 0.016911
5 0.708899 0.239965 0.021455 0.020268
5 0.317345 0.243869 0.022354 0.021257
5 0.292452 0.280418 0.019884 0.019335
5 0.295504 0.297970 0.018310 0.018657
5 0.235344 0.353681 0.019259 0.018327
5 0.275962 0.345496 0.017308 0.016733
5 0.250220 0.421814 0.017351 0.015771
5 0.249602 0.444648 0.017073 0.017007
5 0.389210 0.257715 0.019246 0.017956
5 0.425182 0.263421 0.018591 0.017530
5 0.407535 0.321348 0.017397 0.016300
5 0.502437 0.327794 0.016766 0.016303
5 0.583702 0.325354 0.018667 0.017599
5 0.595347 0.354097 0.016713 0.017130
5 0.558280 0.397338 0.016720 0.016528
5 0.531690 0.383507 0.015880 0.015572
5 0.527156 0.363859 0.015152 0.014921
5 0.497035 0.370144 0.016220 0.015956
5 0.416362 0.539570 0.015317 0.015979
5 0.464689 0.538214 0.017004 0.017057
5 0.421814 0.514517 0.014924 0.015040
5 0.367103 0.554730 0.015417 0.015116
5 0.396779 0.584039 0.015761 0.014917
5 0.264534 0.594168 0.018155 0.018151
5 0.220460 0.613183 0.020231 0.019792
5 0.370777 0.723543 0.023565 0.023800
5 0.459081 0.744249 0.023406 0.022851
5 0.497063 0.765665 0.023201 0.022837
5 0.524640 0.480901 0.016713 0.015764
5 0.448538 0.426093 0.016204 0.015407
5 0.396579 0.424363 0.014917 0.014964
5 0.370083 0.428879 0.015582 0.015847
5 0.273552 0.449732 0.015013 0.014153
5 0.285982 0.429843 0.015880 0.014646
5 0.236374 0.556961 0.017563 0.017216
5 0.295676 0.527798 0.015804 0.015456
5 0.284516 0.668689 0.020050 0.020817
5 0.369329 0.536062 0.015245 0.015245
5 0.496233 0.609501 0.018386 0.018717
5 0.543562 0.569755 0.018598 0.017679
5 0.406019 0.640827 0.017593 0.018069
5 0.455924 0.675427 0.017907 0.018214
5 0.631635 0.619628 0.018595 0.018105
5 0.717526 0.623234 0.019015 0.019398
5 0.726675 0.655685 0.022841 0.022692
5 0.686310 0.643145 0.019643 0.019749
5 0.626896 0.664512 0.021233 0.022087
5 0.683748 0.690771 0.023396 0.022698
5 0.515908 0.698560 0.021300 0.020797
5 0.473925 0.695898 0.019398 0.019130
