5 0.355823 0.692402 0.024630 0.023681
5 0.410279 0.652065 0.023065 0.021313
5 0.388029 0.651749 0.023366 0.022890
5 0.501477 0.319752 0.019163 0.018955
5 0.503618 0.302017 0.019365 0.019365
5 0.557941 0.332032 0.019977 0.019666
5 0.822075 0.445131 0.022894 0.023681
5 0.888932 0.473390 0.023049 0.022103
5 0.787975 0.496989 0.022576 0.021313
5 0.789869 0.477493 0.023204 0.022421
5 0.872768 0.614272 0.023995 0.022890
5 0.879398 0.596116 0.024312 0.023204
5 0.753418 0.226956 0.025572 0.025023
5 0.612735 0.247325 0.021832 0.021561
5 0.579441 0.225699 0.022923 0.023059
5 0.622353 0.211371 0.023330 0.021968
5 0.220888 0.593783 0.024157 0.023452
5 0.208861 0.579722 0.024970 0.023849
5 0.186524 0.669668 0.027784 0.027629
5 0.167975 0.709292 0.021313 0.023208
5 0.376837 0.781574 0.026267 0.026038
5 0.460486 0.885554 0.027216 0.027034
5 0.565063 0.842052 0.025417 0.025559
5 0.602874 0.851376 0.024312 0.024630
5 0.664441 0.872136 0.021786 0.016892
5 0.783285 0.769173 0.025565 0.024854
5 0.673411 0.720306 0.022106 0.019375
5 0.673342 0.733876 0.021968 0.021164
5 0.736162 0.709024 0.023998 0.024153
5 0.451164 0.234382 0.022288 0.020992
5 0.602401 0.650800 0.021991 0.021700
5 0.704443 0.618226 0.023595 0.023396
5 0.648791 0.582437 0.022371 0.022308
5 0.627927 0.549669 0.020661 0.020066
5 0.532664 0.589783 0.021042 0.020757
5 0.574825 0.551612 0.019841 0.019792
5 0.530747 0.516427 0.020476 0.019415
5 0.415845 0.616801 0.022609 0.022411
5 0.441232 0.610656 0.022265 0.022021
5 0.440144 0.560079 0.020790 0.021038
5 0.477598 0.533538 0.020400 0.019266
5 0.496329 0.193993 0.024881 0.022054
5 0.744253 0.582209 0.018142 0.019061
5 0.610754 0.517710 0.017923 0.017450
5 0.622075 0.514820 0.018396 0.018515
5 0.576696 0.396812 0.015212 0.016508
5 0.571095 0.387968 0.015800 0.015804
5 0.599396 0.395398 0.015804 0.016273
5 0.583271 0.342897 0.023948 0.025827
5 0.251386 0.453737 0.024048 0.023201
5 0.263411 0.441290 0.022067 0.020370
5 0.280954 0.386825 0.023767 0.022917
5 0.315329 0.370561 0.024051 0.026604
5 0.373018 0.234058 0.021670 0.021316
5 0.336038 0.259563 0.022070 0.021501
5 0.319770 0.320676 0.022351 0.021505
5 0.305341 0.298323 0.020655 0.020370
5 0.287940 0.283753 0.020370 0.020655
5 0.288790 0.303700 0.022632 0.020370
5 0.346508 0.162660 0.022632 0.022351
5 0.262760 0.219954 0.022067 0.022070
5 0.221169 0.237495 0.016974 0.018105
5 0.204696 0.429507 0.024114 0.024001
5 0.548900 0.388523 0.018522 0.018304
5 0.531290 0.412779 0.018988 0.018654
5 0.424603 0.400445 0.020251 0.019567
5 0.391865 0.407030 0.022077 0.021316
5 0.358221 0.468434 0.022209 0.020387
5 0.310782 0.629281 0.025400 0.024282
5 0.756668 0.431807 0.023343 0.022728
5 0.662998 0.414689 0.021544 0.021468
5 0.655003 0.458565 0.020985 0.020774
5 0.679034 0.489897 0.021495 0.020866
5 0.661407 0.509377 0.022748 0.021042
5 0.341095 0.566644 0.022685 0.022004
5 0.345919 0.525015 0.021468 0.021928
5 0.373137 0.532017 0.020632 0.020708
5 0.489605 0.682594 0.024428 0.022953
5 0.537211 0.674656 0.023396 0.023003
5 0.572632 0.665465 0.022414 0.020989
5 0.250514 0.484403 0.023489 0.022067
5 0.223558 0.476612 0.024854 0.023773
5 0.172035 0.466634 0.025876 0.025079
5 0.581731 0.772670 0.025116 0.024772
5 0.547325 0.794788 0.025020 0.024478
5 0.629420 0.675979 0.023423 0.021660
5 0.444689 0.317703 0.020708 0.019421
5 0.466903 0.323284 0.020413 0.019570
5 0.388762 0.290823 0.022173 0.021647
5 0.451663 0.281941 0.020483 0.019544
5 0.472599 0.290837 0.019511 0.020840
5 0.693047 0.298877 0.023753 0.023449
5 0.635552 0.285546 0.022612 0.022229
5 0.615681 0.320909 0.022308 0.022156
5 0.471777 0.456448 0.019567 0.019974
5 0.454859 0.458436 0.017530 0.019061
5 0.610364 0.758201 0.023757 0.024980
5 0.593042 0.744446 0.023545 0.022933
