2 0.361777 0.650212 0.071405 0.069392
2 0.465868 0.746759 0.072411 0.069392
2 0.530064 0.681558 0.073416 0.066376
2 0.503891 0.526844 0.066465 0.066465
2 0.654216 0.551768 0.070099 0.072695
2 0.822975 0.612001 0.081524 0.076852
2 0.729769 0.707803 0.077890 0.089831
2 0.596319 0.392875 0.073737 0.077887
2 0.774942 0.465570 0.064388 0.060235
2 0.787406 0.406895 0.100737 0.075813
2 0.713932 0.277340 0.068022 0.078409
2 0.670055 0.194778 0.070618 0.070099
2 0.466245 0.183095 0.075294 0.073737
2 0.346298 0.423251 0.079448 0.063869
2 0.207136 0.354190 0.073214 0.075291
2 0.295670 0.165182 0.061273 0.068022
