4 0.568434 0.627273 0.018595 0.018211
4 0.185068 0.231536 0.020460 0.020823
4 0.316925 0.168373 0.020635 0.020873
4 0.367692 0.151098 0.020046 0.019339
4 0.407786 0.124917 0.021465 0.023115
4 0.431488 0.171440 0.019339 0.018515
4 0.360494 0.201627 0.017814 0.016825
4 0.399322 0.204481 0.020708 0.020251
4 0.583571 0.219575 0.017288 0.016776
4 0.591275 0.225804 0.017464 0.016832
4 0.609233 0.200169 0.019378 0.018234
4 0.610908 0.181098 0.018674 0.017970
4 0.622270 0.162599 0.019554 0.020086
4 0.695926 0.174673 0.017328 0.017427
4 0.678702 0.218295 0.020995 0.020486
4 0.720795 0.249838 0.019977 0.020384
4 0.694499 0.276949 0.017940 0.018145
4 0.702852 0.291214 0.017946 0.017745
4 0.674114 0.298862 0.019160 0.019365
4 0.796586 0.225898 0.017192 0.017603
4 0.825650 0.251820 0.017192 0.018694
4 0.847226 0.328724 0.018585 0.020542
4 0.865321 0.350608 0.017606 0.019319
4 0.869600 0.375918 0.020298 0.020050
4 0.911936 0.476516 0.015962 0.020195
4 0.909752 0.552720 0.016237 0.018694
4 0.889139 0.625815 0.018436 0.017093
4 0.838151 0.747364 0.018499 0.018194
4 0.758378 0.837464 0.019150 0.016918
4 0.704716 0.887201 0.015787 0.015083
4 0.651673 0.895608 0.015899 0.015185
4 0.504476 0.899974 0.018621 0.018161
4 0.488618 0.914352 0.018360 0.018624
4 0.429858 0.893132 0.019676 0.019610
4 0.397649 0.883953 0.020661 0.020069
4 0.326151 0.851224 0.019795 0.018651
4 0.280203 0.855716 0.018958 0.019871
4 0.233282 0.860726 0.011419 0.011114
4 0.204840 0.781753 0.015989 0.015985
4 0.210164 0.789975 0.015083 0.015076
4 0.196845 0.785863 0.014616 0.013856
4 0.145071 0.764762 0.013760 0.014345
4 0.153760 0.750746 0.012698 0.012371
4 0.106389 0.706544 0.011124 0.012189
4 0.097862 0.687702 0.008535 0.010132
4 0.073867 0.574889 0.016273 0.017986
4 0.068267 0.535261 0.013948 0.015661
4 0.152318 0.723499 0.016845 0.016515
4 0.165840 0.707607 0.014934 0.014871
4 0.172548 0.713262 0.017312 0.016062
4 0.145531 0.679254 0.017814 0.016141
4 0.093380 0.566652 0.018234 0.013740
4 0.171759 0.680274 0.016323 0.015470
4 0.184497 0.666880 0.012454 0.012113
4 0.231973 0.283575 0.022014 0.020079
4 0.260000 0.293512 0.017937 0.017731
4 0.301040 0.248292 0.020989 0.021935
4 0.182442 0.360203 0.019104 0.018277
4 0.176015 0.413623 0.018750 0.017100
4 0.175537 0.426713 0.014752 0.013327
4 0.162335 0.434673 0.019458 0.018631
4 0.171541 0.471288 0.018849 0.018145
4 0.163965 0.489706 0.016210 0.015681
4 0.151192 0.547044 0.019692 0.018988
4 0.248370 0.670384 0.017970 0.017090
4 0.270129 0.654704 0.017440 0.016915
4 0.280875 0.649859 0.016386 0.016736
4 0.293647 0.664658 0.014623 0.013740
4 0.212731 0.747105 0.017890 0.017351
4 0.246892 0.745309 0.014940 0.014058
4 0.254362 0.752632 0.015536 0.015728
4 0.249671 0.776610 0.016776 0.016720
4 0.369039 0.819754 0.018819 0.014944
4 0.370453 0.808242 0.016515 0.012305
4 0.388854 0.832736 0.016670 0.016267
4 0.277573 0.741195 0.015728 0.014891
4 0.283127 0.765427 0.017596 0.017745
4 0.304458 0.775873 0.016614 0.015040
4 0.330514 0.768790 0.017054 0.015483
4 0.358064 0.781004 0.015731 0.015923
4 0.257617 0.338069 0.015618 0.014517
4 0.594119 0.871222 0.018396 0.017569
4 0.617765 0.847341 0.018750 0.018161
4 0.637576 0.842685 0.018512 0.017335
4 0.600423 0.827116 0.014279 0.015212
4 0.591290 0.825997 0.012970 0.012027
4 0.700635 0.811763 0.016614 0.016171
4 0.795000 0.734329 0.018221 0.017897
4 0.863107 0.600241 0.017173 0.016448
4 0.884879 0.530081 0.020188 0.018938
4 0.887439 0.488395 0.017345 0.016551
4 0.876918 0.471531 0.019279 0.018995
4 0.845149 0.455584 0.019478 0.017583
4 0.793930 0.379382 0.021452 0.019742
4 0.782614 0.408466 0.018952 0.017374
4 0.755403 0.421758 0.016911 0.016055
4 0.316549 0.686825 0.019507 0.018201
4 0.336973 0.749301 0.018429 0.017894
4 0.262698 0.568747 0.020251 0.019365
4 0.293814 0.510010 0.018085 0.016548
4 0.308628 0.522688 0.016892 0.015304
4 0.309765 0.511462 0.017004 0.015013
4 0.277090 0.475931 0.019345 0.019282
4 0.260843 0.426318 0.019259 0.017358
4 0.302229 0.366789 0.019716 0.020708
4 0.314868 0.362411 0.019735 0.017745
4 0.342937 0.469190 0.020708 0.019795
4 0.338180 0.505010 0.018099 0.016865
4 0.331415 0.608618 0.018995 0.018142
4 0.343388 0.603697 0.019732 0.017857
4 0.356582 0.620020 0.017232 0.015694
4 0.364486 0.632361 0.017457 0.016607
4 0.377025 0.634067 0.017517 0.017176
4 0.388206 0.674456 0.017741 0.016948
4 0.343684 0.324301 0.020556 0.020175
4 0.359289 0.318361 0.020251 0.018806
4 0.392766 0.255172 0.021472 0.020556
4 0.467264 0.257798 0.020023 0.019716
4 0.578806 0.262530 0.018538 0.018426
4 0.548325 0.291591 0.018085 0.019107
4 0.564246 0.291731 0.017288 0.017801
4 0.487728 0.284201 0.020265 0.018621
4 0.456409 0.311015 0.020926 0.020132
4 0.438214 0.335526 0.018095 0.017831
4 0.393753 0.767254 0.016951 0.015804
4 0.411276 0.780904 0.015377 0.013456
4 0.414888 0.796587 0.017500 0.016951
4 0.436978 0.798816 0.015377 0.015463
4 0.474388 0.820466 0.018194 0.017970
4 0.464302 0.799112 0.014008 0.012411
4 0.494602 0.797703 0.018271 0.017358
4 0.494678 0.775509 0.017510 0.017434
4 0.562088 0.781217 0.019024 0.018148
4 0.596399 0.783595 0.018942 0.017970
4 0.589307 0.763335 0.016736 0.014977
4 0.572836 0.765714 0.017616 0.017090
4 0.683826 0.756425 0.020463 0.019147
4 0.710015 0.759780 0.018753 0.017437
4 0.720331 0.721000 0.018499 0.018145
4 0.771377 0.702060 0.019997 0.018849
4 0.724294 0.700784 0.013568 0.013479
4 0.734949 0.703118 0.014104 0.013743
4 0.738335 0.671496 0.018271 0.016293
4 0.743813 0.662589 0.017976 0.014921
4 0.785308 0.661066 0.018578 0.017510
4 0.832837 0.556248 0.019557 0.019024
4 0.804251 0.554046 0.018409 0.018145
4 0.803548 0.526959 0.020701 0.018938
4 0.783112 0.518899 0.019114 0.017970
4 0.766769 0.553077 0.019907 0.018495
4 0.766771 0.443485 0.019567 0.017890
4 0.729198 0.457685 0.020711 0.018730
4 0.713161 0.400060 0.020893 0.020079
4 0.682535 0.431043 0.019977 0.018449
4 0.656391 0.414177 0.017834 0.014881
4 0.660671 0.424567 0.017632 0.016726
4 0.386680 0.472897 0.015265 0.015860
4 0.396349 0.471351 0.019616 0.018555
4 0.388652 0.497308 0.018819 0.018095
4 0.379048 0.509841 0.019345 0.017903
4 0.534673 0.477369 0.016025 0.015089
4 0.525440 0.485494 0.017903 0.017814
4 0.508280 0.476164 0.019854 0.017890
4 0.477783 0.487495 0.019514 0.018826
4 0.511528 0.433247 0.019213 0.019345
4 0.544757 0.450486 0.018952 0.018294
4 0.573743 0.436569 0.018228 0.018621
4 0.539669 0.395218 0.020106 0.019702
4 0.583178 0.373487 0.020595 0.019871
4 0.724554 0.520064 0.018995 0.017629
4 0.708145 0.503743 0.019392 0.019107
4 0.675190 0.515971 0.019904 0.018542
4 0.655212 0.549287 0.018730 0.019110
4 0.666286 0.545901 0.016984 0.016293
4 0.702457 0.563528 0.019160 0.019226
4 0.628591 0.530453 0.018353 0.018009
4 0.565367 0.532368 0.018710 0.017857
4 0.416028 0.527407 0.020126 0.019392
4 0.442702 0.680299 0.019015 0.018952
4 0.407917 0.596920 0.019676 0.019110
4 0.424979 0.581820 0.020129 0.019507
4 0.504246 0.747875 0.016415 0.015632
4 0.493398 0.719514 0.016095 0.013988
4 0.502641 0.711296 0.017629 0.017229
4 0.478254 0.672765 0.019015 0.019345
4 0.691331 0.674886 0.018853 0.018938
4 0.704501 0.659471 0.016647 0.015417
4 0.715643 0.635377 0.018145 0.017970
4 0.587034 0.703950 0.013657 0.012470
4 0.547616 0.694606 0.015648 0.014769
4 0.580632 0.689163 0.019557 0.018492
4 0.594175 0.663730 0.018634 0.017440
4 0.652568 0.651020 0.017841 0.016247
4 0.560215 0.660103 0.018433 0.017480
4 0.556144 0.569147 0.018254 0.017956
4 0.607039 0.593798 0.017966 0.018171
4 0.626581 0.588277 0.018651 0.017143
4 0.659147 0.602427 0.017612 0.017771
