8 0.176586 0.772526 0.016518 0.018161
8 0.082854 0.510962 0.015774 0.017427
8 0.116928 0.340236 0.016839 0.018595
8 0.762594 0.174325 0.021042 0.021270
8 0.876515 0.285329 0.016779 0.018370
8 0.913289 0.503193 0.019190 0.020083
8 0.921455 0.644292 0.014729 0.016495
8 0.923619 0.590271 0.018575 0.020708
8 0.938884 0.550339 0.015149 0.017285
8 0.937692 0.467133 0.015390 0.018347
8 0.732445 0.366222 0.021968 0.021267
8 0.689555 0.339674 0.019964 0.020645
8 0.745351 0.497672 0.019345 0.019015
8 0.746271 0.512637 0.017503 0.016981
8 0.728960 0.520172 0.019858 0.019550
8 0.521129 0.651295 0.022173 0.020989
8 0.442136 0.356376 0.017632 0.016607
8 0.447510 0.365785 0.018598 0.017239
8 0.425440 0.305670 0.019425 0.018654
8 0.407760 0.328571 0.018813 0.017870
8 0.402376 0.348806 0.017867 0.016938
8 0.385146 0.403651 0.020820 0.019874
8 0.337751 0.394988 0.020529 0.020023
8 0.327923 0.427531 0.022130 0.021333
8 0.355326 0.502953 0.021842 0.022130
8 0.509094 0.311870 0.020132 0.019964
8 0.604765 0.366840 0.021144 0.020764
8 0.566845 0.605233 0.021045 0.021862
8 0.462960 0.576136 0.020132 0.020638
8 0.501825 0.581949 0.020218 0.019626
8 0.508320 0.563290 0.019544 0.018532
8 0.539130 0.574881 0.019656 0.019947
8 0.428643 0.493608 0.020890 0.021078
8 0.488967 0.507232 0.022219 0.021052
8 0.664592 0.465281 0.020612 0.020066
8 0.649228 0.493099 0.019904 0.021098
8 0.626713 0.516563 0.021534 0.021372
8 0.561668 0.449845 0.020678 0.021111
8 0.613963 0.265425 0.021954 0.021782
8 0.580048 0.247652 0.020658 0.020701
8 0.477249 0.225820 0.020529 0.020245
8 0.386288 0.265479 0.019110 0.018730
8 0.358421 0.273360 0.019864 0.018955
8 0.334625 0.263004 0.020698 0.019871
8 0.805906 0.367664 0.020661 0.021253
8 0.816435 0.399577 0.021978 0.021647
8 0.800060 0.548527 0.021243 0.021253
8 0.697938 0.643350 0.022814 0.022903
8 0.636938 0.696599 0.022903 0.022814
8 0.366931 0.607659 0.021561 0.021653
8 0.414239 0.687065 0.020007 0.020056
8 0.432497 0.703375 0.019993 0.020698
8 0.486232 0.724177 0.021868 0.021369
8 0.459787 0.742819 0.021472 0.020936
8 0.530769 0.776065 0.022106 0.021845
8 0.736614 0.734777 0.022414 0.022563
8 0.452106 0.153322 0.021839 0.021723
8 0.325137 0.740010 0.023429 0.023148
8 0.887589 0.534902 0.018975 0.019415
8 0.857870 0.617875 0.021230 0.021657
8 0.582469 0.877011 0.024170 0.023545
8 0.379124 0.842564 0.023829 0.022860
8 0.317978 0.865804 0.020989 0.020728
8 0.228170 0.541455 0.022960 0.023439
8 0.205382 0.324034 0.020923 0.020251
8 0.272412 0.172984 0.021921 0.021154
8 0.161589 0.409142 0.021723 0.021531
8 0.117500 0.521777 0.021495 0.021326
8 0.206103 0.469287 0.020784 0.020327
8 0.211852 0.452576 0.020708 0.020403
8 0.259001 0.848429 0.017130 0.016521
