0 0.857994 0.535496 0.091524 0.093869
0 0.416224 0.724114 0.107950 0.103843
0 0.485422 0.675126 0.170195 0.150192
0 0.661720 0.806543 0.163743 0.160751
0 0.637402 0.889266 0.091524 0.065708
0 0.513613 0.811531 0.083310 0.083896
0 0.884072 0.505281 0.080433 0.095628
0 0.760898 0.525522 0.150777 0.158406
0 0.657937 0.481229 0.103254 0.102669
0 0.733912 0.372105 0.095628 0.096802
0 0.816605 0.381786 0.105076 0.107950
0 0.518383 0.342035 0.173499 0.166954
0 0.544081 0.452338 0.092646 0.091693
0 0.439838 0.578634 0.099279 0.089987
0 0.389706 0.457619 0.151124 0.163247
0 0.336300 0.239828 0.163247 0.156429
0 0.193998 0.434666 0.095827 0.106812
0 0.261986 0.460610 0.140142 0.135976
0 0.265207 0.576493 0.145823 0.117073
0 0.240020 0.651677 0.088631 0.081852
0 0.152525 0.641660 0.093932 0.079921
0 0.169190 0.697130 0.090146 0.077308
